500 500 3000
426 424 -0.6309438678289188
58 237 -0.9320791043722991
355 80 -0.8256488099457999
245 415 -1.6481074456764095
236 456 1.714662287443168
221 13 -0.8589310325426887
441 60 -0.30556510949691695
28 59 -0.3170504737915629
305 436 -0.18982484046503956
248 318 -1.2711376497456892
394 95 -0.6184047723048769
426 482 -0.43571283187122223
232 314 0.5390365165584838
492 95 -0.6342180504574828
271 154 0.0647915772428096
248 88 0.3023600031385416
316 193 -1.5389903637744498
93 418 -0.3310384485247031
375 472 -0.1030449734702934
243 191 -0.4346442620359543
482 138 -0.5191216715948239
116 382 -1.7286329330036772
220 209 -0.6097787096131908
23 373 1.081467436824859
483 471 0.12886545004583105
301 417 0.8277270404325967
406 93 -1.1718550895489903
477 479 1.1796703051046622
198 328 -0.8402676929058659
197 407 0.25596488307923426
304 397 0.3202023405177483
34 434 -0.5553787435050133
172 80 -0.6137400562810194
257 72 1.9344824145931572
144 391 -1.5459748038936771
218 188 -0.0022831117860904193
226 329 1.0953734719312487
65 366 0.24786142674639056
149 135 -1.112887971811451
452 397 0.38277759138550227
189 489 -1.3774105599859041
144 451 1.1444148910781844
473 296 0.5133916656085948
48 8 -0.24454272436035218
217 496 0.6031508164123922
181 212 1.1069855545274314
214 413 -1.5307185097772598
0 139 1.840878708293065
413 378 -1.6781707598468096
104 8 -0.9493428685906657
145 354 1.907402285994706
454 147 1.5581307210503375
465 3 1.1276070641478375
308 208 0.8510029280323259
433 201 1.3343233120897353
180 74 1.1726522395073404
450 27 -0.4975183145711166
341 84 -0.5996958825874819
196 301 0.7884838933105689
422 396 -0.6917899245991497
122 487 -0.5890032049093454
482 324 1.3503712362724456
219 54 -1.6977440962989836
192 308 -0.7260903612786835
341 137 -0.5983329524233412
230 140 -0.17547843478081981
494 459 -1.6241021050793552
78 369 0.013073666360732705
157 489 -1.034557685640527
430 155 -1.6457612037031542
257 247 0.6434009506990734
237 93 1.0301954285580655
77 308 -0.39482100339292003
450 135 1.74539492840487
268 371 -0.538274748395358
34 34 1.9933719854138396
477 305 1.0534580832051632
155 88 0.7858188466950553
352 493 1.2014723167314365
71 396 0.2702412033963637
37 137 0.9745136518309403
367 64 1.661110788082346
424 233 0.572988653802533
277 27 -1.9442703660674083
449 73 -1.2458074810234718
194 269 -0.04768972677334293
407 468 -1.9169176721762846
23 391 0.8867148990176914
63 279 1.9446782598773602
72 466 1.1551765129746001
19 281 0.2566511549013022
305 328 -0.684342003704792
135 39 -1.9504523570132242
308 409 0.44413065726839296
207 383 0.6222256526487575
121 199 0.8249150285779696
404 394 1.7177219936667503
229 271 1.2503029160222598
198 173 -1.7688759440069357
167 168 -0.21493832824818604
93 399 -0.16831746945445625
45 407 -0.8104389085576034
447 434 -1.4246109841101848
422 467 -1.0807611943263096
467 388 -1.6146368287818658
247 71 0.28947275041431686
228 175 0.4787915452845448
18 21 0.44559970055939857
264 252 0.2515143279824934
372 345 -0.789038353691883
236 479 -1.016770562940005
295 265 1.3046790311744427
88 295 1.5845918563329389
388 290 -0.5972038803446131
353 365 -0.5859453249693982
485 185 -0.0459868539826398
171 471 1.5318487195899135
371 345 0.9448751733204235
130 232 0.6844646365384044
249 260 1.7442059999713826
393 150 1.0092761985360368
86 452 1.3447877381447348
110 332 0.33256744928074733
233 300 0.23967411438355057
491 151 1.7702892281967761
203 426 -0.1940831051332479
390 351 1.9640883814916155
345 33 -0.7520824529376497
376 446 -0.9175786409910556
307 425 -0.1863115651782672
408 332 1.6378374832115958
363 189 -1.388545661239101
203 190 1.3227077136785357
135 228 -1.8294914375602702
489 188 1.488330826121861
448 461 -1.8906429924502852
467 422 -1.3192407568960096
67 384 1.3413839910117749
351 162 1.0596210029053892
131 106 0.059772511793681815
467 410 0.5702882647633802
31 1 0.548038495880756
39 437 -1.0359743619521864
102 288 1.0661212548118404
154 263 -1.2389023831038934
417 388 -1.261761981983064
84 386 1.560060659991756
399 403 -0.775262601962647
448 413 -0.4726661958691043
188 419 1.7949772428312802
135 134 0.7806241194598909
130 261 -0.7351840514314754
51 198 -1.509280655268952
448 69 0.1777157898522983
132 238 1.9502156663744765
33 275 -0.5439938752127893
454 249 -1.7938639762045225
127 306 -1.0638640389744296
236 490 0.11522946340921081
495 30 0.7601999179728773
419 448 -0.8211751765927562
28 228 1.6507868962292807
93 464 0.45341878464981367
39 462 0.01742674983238901
489 433 -0.783135389223399
319 191 1.3884291126534274
101 0 -0.6637533728914424
12 325 -1.8578630666410123
262 275 -1.082422614285072
285 33 0.7952185192678525
49 235 0.5403949262734207
147 116 -0.022011775421099777
17 455 0.4400367319722722
234 160 -0.8669724564627441
247 395 -0.24027306503179302
95 305 0.5799740750941074
99 167 1.5987032916198323
15 491 1.531011084696424
75 212 -0.020486825362493022
445 52 0.8970055280106686
439 401 -1.8300452468853323
476 226 0.16982584286330793
267 10 0.9635912607903081
10 308 -0.9457670351288288
379 209 0.708262146256148
16 126 0.446558428229336
22 193 -0.4621617315077313
80 93 0.32929105708629125
202 365 -0.6164987731685572
196 27 -0.45153172453274504
220 257 -0.9917452399888971
17 477 1.4385130861658282
29 29 1.0652237969274663
106 499 0.9326063878370539
185 250 -1.255796196693166
447 205 -1.7893516068293827
461 118 -1.4579301052970353
277 226 -1.5544739063179698
141 157 0.7334296852546127
439 313 1.8419276249994057
252 248 -0.15546075256603142
176 54 -0.2827078013910125
259 65 -1.8381988343916715
402 178 -0.18662654365631282
405 379 -0.7298377147705675
308 292 -1.135224464579533
158 458 -1.1860385566589278
217 234 1.5646621212417573
20 327 1.9753811824886336
172 264 -1.2614298401659338
452 18 1.218265553277583
343 282 1.3400970967227148
473 410 -1.9943885972501008
466 170 1.9397776938173306
8 334 0.22783090107249881
289 89 -0.6433149244875751
76 278 -1.9780745483830717
473 499 1.7906723821438613
308 153 -0.07462315829082922
495 105 -1.4257359976538906
222 396 1.4431669612041271
333 431 0.39501046684162944
365 122 1.1108886258631543
234 213 -0.45534761318538086
466 232 -1.4632704423633642
137 78 0.3650673807136453
52 99 -0.2788392081024291
317 293 1.6350469994381003
346 373 -0.8624595016756462
312 164 -0.79077448000533
438 419 -1.1404099255780733
197 228 -0.06885443469155561
463 223 1.7052403609879119
347 354 -1.7256333660601308
87 216 -1.5512311390941074
372 220 -1.6574414104103234
190 92 1.765970445303782
396 180 -0.21188528397680795
316 370 -1.593860485434388
347 237 -1.2370950750418577
150 275 -1.7685803740020507
431 38 -1.130597696259175
10 401 -1.1510570725017022
472 498 1.6571705204133065
385 358 -1.0710766145242374
369 224 -0.1109666854960829
88 302 -1.3107426571666885
236 420 -1.8445142381028639
264 438 -1.627307150839557
488 35 0.5112374203801062
232 392 -0.3995658867419114
5 251 -1.0769513894208118
450 45 -0.4513548642045282
136 57 0.0266147593497994
444 36 1.2892675372728637
482 211 1.1815015939122384
377 390 1.443772741306197
18 322 -1.4158748429183579
80 409 -1.90680196360226
155 128 -0.12374294062800217
411 177 -0.6002945903948813
270 360 -0.9279807536814157
316 309 0.667290300072398
195 219 -0.05728513050511452
196 34 -0.13944278807631827
337 202 1.5615258671236485
157 190 -0.36202917859262795
109 13 1.014371579844188
145 119 -0.3677501540667447
169 122 0.2943487524705142
381 218 -1.3798574469679417
290 71 -1.7075674093372166
60 291 0.47031032558867514
42 30 -0.030013741815007045
352 326 -0.6261984593078669
237 247 -0.558527869127408
131 100 0.6920861461955208
415 197 0.37715758133501476
356 239 -0.8362719153856308
418 168 -1.7417499654760085
249 310 -1.990253954491008
352 404 1.5701293835726897
112 331 -0.9714418607781798
421 212 1.3563867735963941
98 225 1.10455069484079
126 285 0.5220701069531937
73 304 -0.17743800372493768
289 56 1.0450511889036251
403 127 1.5147880471080488
163 407 -1.3691771706771987
64 190 -1.9995697425630663
496 385 1.398868698592727
140 98 0.2868167662714871
218 172 -0.6184156084821373
300 36 0.38065434095561823
343 496 -0.2614575135702353
167 218 0.25115836606266617
43 83 -0.23564968443269896
105 464 1.9107297387122166
443 303 -1.8232923857935588
115 400 -0.7238584052404264
370 142 1.1081494145643669
104 118 1.0277428733209537
188 91 -0.6109167550044745
75 288 -1.3854953479830034
387 250 1.06762871633296
292 315 -1.379551374045226
89 323 0.7939548930710729
424 424 -0.5395938014762107
226 419 -0.4675767004844156
71 358 0.7914794802708687
474 362 -1.1408377154374558
374 320 0.8454638028661825
138 12 -0.055368496516994714
174 424 1.0374023762133926
169 242 -1.5175904788202943
371 26 1.58821545685203
104 216 -1.9874281647496965
93 112 -1.9016899621593732
401 35 -0.39391073606524296
65 228 1.3241564264144152
265 356 -0.6464783788399169
78 300 -1.7024854442648092
265 410 -1.9550096929011875
493 93 -1.0772883101849886
138 409 -0.30219015795371984
352 199 0.1501011805370953
149 207 -1.6184039128519343
296 473 -0.23316828731819728
386 216 1.1433326950300131
189 176 -0.24361528303960522
78 379 -0.4962277332223528
51 440 -0.3683128219430607
252 67 0.4152629398188403
68 53 -0.00244175367038979
264 188 0.3211167607221168
102 99 -0.15777399384646928
175 434 0.2847798530360084
260 82 1.9976184662214216
117 169 -1.1309464611502502
239 456 0.05490915096950433
401 4 1.012754774365325
289 24 -0.8360242528924751
434 480 -1.427916152437756
310 288 -1.124892724516441
198 188 -1.6878216178187966
465 296 -1.8016586973955238
407 439 0.4270094655990748
316 282 -1.46225006662567
486 144 -0.44215200348742645
469 102 1.3559398144700827
378 174 -1.7059693428915659
200 299 -0.26471040669772705
437 282 -1.6102512245660616
434 338 0.04622228950241025
302 144 0.4573896632363561
189 409 1.5944526062887268
341 308 -0.5230248070788353
421 498 -0.22856665584778435
223 469 1.9966506780272497
213 362 -1.5677012353567608
138 100 -1.9384222164112077
144 179 -0.40252348405723204
13 460 -0.5794428394314921
463 269 1.0722379380994682
137 218 -0.7304308470716481
393 273 -0.5041665518020335
361 283 -1.5017465220779762
111 376 -0.13019070178173786
346 495 0.5124867390690975
472 283 -0.0010559711274988892
106 111 -1.1959563209444721
4 426 -1.0415333046886994
483 347 1.3299183156467222
54 116 -0.7625738042538295
124 23 0.09016420990838148
330 487 1.117754240987992
290 15 0.2176194253775412
265 79 0.07195518706024817
477 157 -0.1259446131953097
272 487 1.3628385828877372
459 399 1.9618648299911627
337 92 0.3816047470773527
258 187 0.8561902226540439
416 54 -1.451548271979922
472 343 0.2777144304939081
82 201 0.2735074437721714
202 247 1.1646739926108647
79 144 -1.5305494891194398
442 469 -0.13951803973612353
346 230 -0.537184083474215
319 484 0.3972448194777787
261 354 -0.2259352258390246
54 33 -1.927157282058983
366 114 -0.8269925084186691
98 370 1.0788311386689453
7 79 0.687124072077471
374 333 -0.6434024910282492
211 104 1.7552536107131167
35 90 -1.6957058098610216
489 311 1.1986184346962756
84 254 1.9916414855205251
26 212 -0.6923902150516681
50 144 0.9236204717301018
327 331 -0.5549146681520201
57 467 0.3472069078481339
186 87 -0.21487400927660794
376 485 0.7988304069105432
47 30 1.0088934744511908
374 198 1.3959427870955383
253 148 1.380424638752817
407 205 -0.6043790896934556
26 357 1.0223259481461833
462 468 1.8676041304836377
139 415 1.1275024088310013
395 50 -0.5034228168713284
183 47 -1.3449129563991367
48 38 1.1759762162139205
479 186 1.4629220437869837
174 238 -1.6883681646479403
308 286 0.48360830674036714
324 487 1.4138736068511273
405 347 1.6796547201769711
455 97 0.3447091555606625
405 299 1.1298353310333802
232 423 0.6637339272663962
279 265 -1.060402489225603
374 92 1.9817520498707628
249 477 -0.46387376200103647
152 453 -1.0368291964021545
150 43 0.47922188068974814
53 245 -0.06224288274240175
281 483 0.5813786575780653
251 121 -1.2728388861246591
460 407 -0.7771038151376044
232 41 1.7796951752565953
392 271 0.786691318571116
400 334 -0.8276456937490733
252 270 -1.4670001405601902
332 336 -1.0540894927725843
198 379 0.46816228168382645
94 340 -1.5740058878226995
73 68 0.8973525250632357
139 41 -1.137793546757285
481 83 -0.5491883027848328
408 387 -1.6520019758086284
331 266 1.0490660861928927
407 4 -0.4844599716169453
271 13 1.7681214213285283
173 220 -0.9265354074447916
0 432 -1.8806335098087161
135 480 1.4000291187687064
117 101 0.5288860960185464
55 289 0.4841892020589267
323 60 0.6538579822185087
391 134 1.637995432758208
53 153 -0.1444758713114278
255 259 -1.266697150341419
243 410 -0.8520117236472502
442 216 -0.8308911003393229
465 170 -1.3102450356057016
76 111 -0.7819186969398064
205 451 -0.4079796902936117
22 486 0.31215641457857357
29 291 0.6682601542439985
392 187 1.9095569198479918
100 234 0.938225891314802
311 170 0.9216912060501654
112 290 -0.6594335168679635
87 229 0.7519553514714428
192 358 0.12253571214026016
345 255 0.44306135973030614
30 259 -0.42129988705790655
450 380 -1.4445325255100063
218 296 -1.3930197846104742
346 333 -1.4726063535132314
315 445 -1.7841115391930682
267 183 -0.3628768798700821
455 2 1.394557319622658
72 232 -1.493492435373101
309 2 -0.38432160420368744
357 185 1.5858013920437855
325 179 -1.414037533618823
110 65 0.9768687308134365
150 347 -1.4529557581449217
490 384 -0.6337011942652899
65 62 0.011589758494324975
184 135 -0.9081536205987595
166 232 -0.6012665966627506
408 143 -1.0402741919224328
52 428 1.495772846570416
234 482 1.9512277921941115
359 361 0.8605893405810305
28 158 1.1657105716378795
426 474 -0.7431548494659577
423 402 1.5729700422623791
435 438 -1.6383008893299453
28 410 -0.7068649506579439
159 306 -1.2500333373096382
67 192 -0.7053645702382805
438 374 1.1880830466152061
480 254 1.4937130981693563
223 83 -1.5503171729940464
146 290 -1.267775511291823
89 206 -0.5684189477335106
408 271 -1.069284021257943
282 450 -0.15094096183165595
405 198 1.2907553867860555
49 404 -0.7986197861410158
330 311 0.4672685574065971
465 69 1.9769157059963542
454 399 0.020102356595104176
361 443 -0.8635637586415248
440 133 0.5533506646016155
328 101 -0.013788647858216763
474 293 -0.0947580811717077
186 441 1.0772295739578759
257 165 -0.06861519711969644
175 113 -1.2882847192142255
149 153 1.790199755318584
195 212 1.1935021645578408
101 148 -0.7477293216848135
362 202 -0.9917898431528447
422 473 0.5008845571927569
13 364 -1.883828023069598
142 469 -0.23967340048606323
418 158 -0.4425977940450254
32 139 -0.21880671686515285
446 221 -1.141610664822006
416 170 1.9341832726094794
439 59 0.27320889100774925
346 181 1.3450262542006914
411 257 -0.06472629671894348
394 168 1.172182002696125
419 91 0.5148690453494362
206 206 -0.8808841492129353
75 130 -0.7380909441411809
358 16 1.1340123684810806
303 272 -1.5778329542890592
374 343 -0.6855312067882058
103 200 -0.617314147612861
374 30 -0.6244779897272181
469 23 0.8273606878415798
419 469 -0.06455829910124766
122 150 -0.6805058885824367
487 113 1.364663730437254
363 80 1.3199096812765827
298 197 -0.39930722472262836
148 80 0.09004179418829761
227 358 -1.8324376053232867
203 371 1.0553230423456483
400 245 -0.7374487058354142
49 62 0.12481574621592895
459 352 -0.5211995700562384
411 370 0.6624297075122767
184 189 -0.7094766623963693
22 421 -1.8127551458233904
244 464 1.900785367473349
464 64 0.8938093698238312
247 150 1.4412946266237832
232 142 1.310056430191803
333 100 -0.5349297073766004
343 16 1.6269950278616032
119 440 1.4229893123105626
314 31 1.8466285744042792
264 29 -0.07521190504547581
388 19 -1.9835387247998915
145 25 -0.11531958529185404
313 77 -1.7493324323251453
181 410 0.20411278871516192
138 320 0.99787871837002
190 436 -1.750225581148845
446 411 -0.47786879524254333
100 31 -1.2874454721505932
324 341 -1.7954103853985797
406 280 1.5254218325400344
410 345 -0.874269139168288
247 427 -1.6100671733246417
237 405 1.1703816792452826
336 364 -0.5251501072059832
158 433 -1.4009790944326053
296 102 1.136410797093709
343 250 1.4277647664565785
62 234 0.33872283993064745
402 457 -1.8856040425922203
325 190 0.9367204114716019
215 36 -0.5755649420630804
0 366 -0.19768215109096676
407 376 1.34998124834273
99 447 -1.642090379701973
276 177 -1.0358730168830528
291 91 1.4615773580872116
374 427 0.09440170048908003
447 233 -0.6407953591515523
378 292 1.566914695225888
444 268 0.9985188676560024
177 329 0.8059559067687112
387 241 -1.6129033480039232
281 174 -1.9541293368212878
61 219 1.5424463014522618
378 101 1.3418311339593312
397 392 -1.295587309665852
361 111 1.2701107410890948
9 25 -1.7614356793882333
270 422 1.8936656564287517
264 101 -1.858271030300628
442 438 0.6099643694629884
77 240 -1.4563378878286057
116 333 -1.4773680047203737
135 193 -0.2596154933049748
425 203 1.253533542272875
61 68 -0.7040891832097533
415 420 -0.08603978021787784
110 172 -0.5351893521410056
288 377 0.8517224042166784
139 481 1.9281259088144869
491 496 -1.5113319195642627
120 153 -1.7144844409204278
242 455 -0.648257185203835
428 99 0.00833941252280912
369 220 1.1268398433388027
314 68 0.7944117931283237
325 316 0.8195105836749597
157 458 0.9410346036295905
227 83 0.4355872219802337
1 51 1.5564071660333907
120 100 -0.42991531339264233
357 104 -0.38714527990478853
403 355 -0.6398376060568536
492 120 1.2922344903703116
11 481 0.8927970470001134
119 295 -1.753252711889544
329 182 0.9235887732913408
460 52 0.7149758726888638
30 348 -1.5752726404766628
213 119 0.6810767394613997
214 15 0.4703079235093388
407 189 0.4702501649842965
159 42 1.1924796276359682
322 270 1.6736171746796376
238 101 1.4264578854554548
459 12 0.3401541470006584
221 477 0.5047276063567097
403 62 -0.37451965945071386
138 348 -1.37699797274787
40 40 -1.9671994262481456
219 159 -1.7372810452868142
283 91 -0.7102740142227244
477 147 1.2514769684430083
441 250 -0.3299712371169754
173 410 -0.8129283860728069
228 267 -1.2150084663973493
337 168 -1.4307202592670083
359 58 -1.5036295420339552
276 189 1.3422676957221484
173 294 0.99210061912571
51 171 -1.7911694296478133
197 319 0.0011217667195468906
477 441 -1.283502141601303
436 130 -0.728799953037468
335 286 -0.51315354128075
185 174 -1.0042334810910374
114 107 -1.5703592942630427
121 465 1.9620548987725797
93 153 1.4592520702432479
11 59 0.44276924213028135
323 329 -0.9837433291557578
189 30 0.8815653779385597
72 376 -1.988494829054996
9 314 1.9675642808347638
462 302 1.0502612545768932
235 38 1.3696166856018341
19 291 -0.8692954046500461
212 122 -0.18992665626510297
92 378 1.9172154142495836
105 212 1.0242326524397591
378 85 0.8863780732731219
127 236 -0.5611040837367236
269 489 -0.6711198110621606
113 344 0.016517682697820835
239 49 0.4312474525757093
243 249 1.1168667952993907
397 287 -1.485855848997347
117 307 0.6949281384582946
312 493 -0.59174258066367
132 429 0.42726827160672176
3 490 1.4073260294087997
200 284 1.976682131840993
296 344 -1.652560660550729
425 445 -0.1502831362529924
374 431 -1.5304912537050424
160 438 -1.662072753543673
237 68 1.2063449850382293
114 454 -1.0488725437354627
442 266 -0.7542129509662625
107 266 0.6765530803719018
74 136 -0.43982746897577973
235 409 -1.468784893767178
445 465 0.7091385229132379
209 482 0.6580320380188898
278 161 -0.7556227251996392
462 189 0.7152458455189414
428 213 0.9938974271283465
199 203 -0.6012109670443002
11 270 -0.08059602857598236
397 250 -1.3463611894317116
349 89 1.720194076303414
67 50 -0.06746307007426466
256 248 -0.135986257058049
342 486 -1.8440164459482618
206 29 -1.7420305860036702
256 362 1.822026633589691
191 443 1.2058870274185556
217 178 -1.8395548356594942
308 344 1.7740399317786033
301 404 -1.122106366418731
79 44 1.9320487486333584
388 319 0.04788776644250525
449 317 -1.9019121965386505
461 151 1.5217719385163613
58 51 1.4407942783414818
145 389 0.81411716634081
250 53 -0.4395476212432792
110 153 -1.7889486564856125
15 328 0.7083555875216945
360 39 0.15509390989776062
106 384 -1.1322028281977032
294 477 -0.2250350831582013
230 266 -1.9880445790948644
107 232 0.3667488227197806
451 316 1.6575028131623455
420 369 0.22807457665746478
429 320 0.6238072081285422
1 191 1.1262421742120452
220 255 -1.2466128444697917
253 21 -0.9347525275986026
398 231 -1.5442941071823877
87 201 -0.7612864082027908
458 88 1.7311794938519038
495 459 -1.549991830746145
383 366 1.0833702997895598
321 498 -0.31043756222547714
473 178 0.22404772947207308
171 131 1.6163608067183683
360 481 -1.1035573512785026
161 335 -0.8691031909359501
288 429 1.7019074758812192
384 189 1.628010699789757
157 39 1.7054662794772533
266 188 -1.240572475353639
220 485 -0.11184918008441702
234 309 -1.2761965686431012
296 27 1.3489138687014655
407 41 -1.898627667464218
170 385 1.6754543357351572
165 101 -0.9664237845379526
368 370 0.3337756683223225
22 247 1.4286305175476497
366 284 -0.6920660381157608
125 15 -1.2274242461999703
201 407 0.17595538582795633
400 152 0.9364148171447462
358 222 -0.17069803783011528
409 457 -1.3468797732734612
152 497 -0.666256342994759
138 69 1.735966245168148
330 272 0.48560809223816515
452 198 -0.5674990148648709
417 102 -0.9115592104054788
368 138 0.14255884958572373
86 38 1.7639407786755896
77 263 1.67702122098589
74 383 -0.6633914602966198
398 291 1.4308538357043674
321 411 0.2572361828476448
135 498 -0.5572428982653519
340 233 0.41357762889065564
264 451 1.9676005578535918
459 490 1.700611690016817
141 276 0.38108200807455184
272 3 -0.6081937105968391
474 168 -1.8853485488499042
396 234 -0.7003249910427893
391 309 -1.8653916496093887
64 65 1.351802688111503
381 209 -0.4234061056035081
408 275 -0.5221569544183735
168 309 1.7011859413688324
98 348 1.6433904490889168
137 6 -1.2268369031649025
164 76 -1.151470041135958
295 0 -0.37439616282867716
217 313 -0.6952790305601408
101 242 -0.276728513400502
207 113 -1.7312144658884279
186 437 1.8382821006245695
215 451 0.46275387352410613
201 390 -1.354533294225869
49 93 1.8710777799124259
491 475 0.8506440062153078
155 493 -1.7886711927284669
338 6 0.45741507407933746
13 192 0.3200361651042596
438 41 -1.6448464771381341
169 205 -1.5434283095964236
389 174 -1.2080582699868638
23 499 0.9887677669467374
285 39 0.027602866645969115
31 321 -0.16354162248775017
322 169 0.10252607682069881
451 463 -1.6658263192490357
403 405 1.3568706372850148
291 31 -0.08140457276711643
56 174 -0.6467963151369021
13 101 -1.3080737974740662
90 271 0.4622927366837244
278 385 0.39679792386086454
261 162 1.7031486172778232
116 231 0.22127779232735767
130 219 -1.7135869082280508
193 169 -0.7842740126393637
209 241 0.3569292185821076
53 439 -0.2303770151285569
45 349 0.5490538999267791
160 44 1.2126942578738227
291 385 1.9041820550469741
161 454 -1.8561068564228012
127 305 0.08078246659484689
315 252 1.9540038310806125
432 42 -1.5995853406482357
251 148 -0.6852461597138197
451 95 -0.6309949111488766
57 448 -1.5115821877477047
114 177 -1.029477759297166
257 426 0.3029586015089727
353 98 0.8984899534837361
216 262 -1.2459426402718345
93 27 -0.8021404721077361
87 283 -0.35526398050545316
88 89 0.15171431314454598
424 134 -0.017353053139637087
134 297 -1.4184175559823906
215 172 0.3110980831384258
172 320 0.7746144797100243
373 228 0.1734268082196393
303 323 1.9876683048074506
11 256 0.9676879073144073
358 141 0.4789435803962845
461 138 1.6205742819220772
385 151 -1.8223315925565964
484 271 1.620837334908248
139 303 1.3875568163235918
251 222 1.6492037066768717
38 487 0.5726977950712455
51 33 -1.1714940865818377
466 92 -0.6426204070078496
283 44 1.3550681900398676
298 78 -0.04458108525364057
161 344 0.7442992122702012
81 170 1.0154249004189504
1 144 -0.5141106516273197
191 274 1.164200158781933
204 168 -0.2961455652084273
146 185 0.6478994533181837
475 106 0.3969921272892374
234 97 1.0289934637836669
480 400 -0.7216511064918913
498 58 0.6101125341534614
363 175 0.4829350214378323
266 380 0.4339464077808497
60 391 -1.0444149428197305
366 70 1.6666661059976806
103 106 -0.28979996336850045
196 463 -0.9585403430282367
18 347 -1.290398979561639
493 213 1.6017381232241372
141 495 -0.11913502066708315
109 1 -1.0920718507475362
451 364 -0.6073985029531284
367 324 -1.87664006533269
205 32 0.27219715216235807
61 468 1.891681213555684
379 53 0.3043196442284031
109 389 1.919137135747746
460 38 0.18627051226525637
190 281 -0.2945566552020882
221 311 -1.4452954890914103
108 69 0.2605507969123795
203 274 0.22098067949151057
402 290 -0.6432904336098684
321 445 1.1036754382587581
410 314 0.4393229200186526
352 416 -1.0086018862183743
118 321 0.4047069552544289
57 328 0.8690252586697249
148 390 -0.6960036009631616
420 478 -0.8036228313750242
158 69 1.3993816391059521
246 181 -0.6002378170848939
457 178 -1.9417936454411269
28 338 1.1544850953131518
27 89 -0.7419160756319454
48 187 -0.5157782034836753
230 480 1.3864035584052066
273 122 1.1393291652267963
202 242 1.3111120951472
79 304 0.758711410137463
474 479 -0.5300895888183565
287 69 0.47825802144516194
82 436 -0.5615803103372512
122 28 -1.1964680941196022
283 120 -1.589936364119175
246 413 1.2961023994240288
450 60 -0.7107636936571491
302 491 0.22906059521069055
59 188 0.8989486672244538
97 31 -0.7665868232729953
128 183 1.904447956480214
400 86 -1.899381065690414
482 434 -0.1338442207974695
351 44 1.5857202123323817
332 30 1.5193950857230476
73 316 0.44016874222527846
99 182 0.5166126234005435
27 387 -0.12496458528242771
72 432 1.2647203637669326
285 77 0.983783981478064
61 235 0.4347600213963756
449 433 0.7963574284210786
134 29 1.4441534927445092
149 146 0.5397127398087118
371 54 0.7340936277535088
76 117 -1.3174648323800158
92 490 -0.6293540421530985
211 235 0.10801677093777107
178 18 1.5266670035423164
165 35 -1.4323263590132496
267 269 -1.537251134873888
459 26 -0.5247584188525476
67 116 0.31891387456626763
185 147 1.4481192794561593
8 124 -1.6751511877893583
395 252 -0.36601739710070547
276 162 1.6844996691893206
112 231 0.7195299637558823
371 18 -1.3225236101507076
478 252 0.0921595158508155
180 285 0.9707065469887102
48 264 0.7081491064477081
91 303 1.7291284027013916
33 421 0.5186402557775716
369 396 -0.7135941830821335
175 30 -0.7980070794392651
79 98 1.5384775788781284
59 39 1.9154231303135578
14 298 -0.5345852445367592
50 169 0.329644842311827
491 48 1.6759582285562966
86 191 -1.917254558109787
489 243 -1.8202964450422434
480 288 -0.9662256184338518
109 99 -0.2935332198855112
385 407 -0.06364924595065702
278 317 -0.14537140595931586
479 403 -0.9166170262604059
18 162 -0.8256707072800835
363 495 -1.225909413771984
138 454 0.5551212298268564
192 338 -0.4322864667014068
108 326 -0.051461860632989964
175 60 1.9186248171629257
444 465 -1.5582105927051746
399 414 -0.5027944741359569
374 390 -1.8413538665712839
254 23 -0.10591853945596696
7 7 0.5685413023260155
137 311 0.27456452423557165
272 462 1.7606209575795964
259 104 0.23793261096691376
329 67 -1.731656680184647
374 245 1.5755587442222705
305 180 1.4279446580594475
173 68 -1.5677283178391161
223 73 0.0038121328271070176
103 214 -1.4804740494151334
208 473 -0.22598858006766953
72 328 -1.479175730674938
67 121 -0.7266326913494172
223 327 -0.5702373573434971
97 158 1.4599026368128736
211 293 0.4493256673099477
348 246 -1.0398585989771276
445 53 -1.5890650349050706
130 234 1.9559237949154729
458 214 -0.19635934037731495
423 36 1.2940542990814397
234 429 -0.8537431511160274
283 278 1.815248159128572
217 227 -1.8846469539248827
175 197 -0.06119278798949557
52 176 -1.1757088600501095
498 365 -0.06809263978496682
423 402 -1.2130966933246494
163 38 -0.2602469511461427
81 253 -0.09203710628087691
316 198 0.04958138792438538
475 9 1.9836607452927173
32 473 0.0036213511028413414
151 416 -1.3099588814763043
287 426 -0.6282576474011425
260 475 0.1635440535550554
379 230 0.6440863969596551
341 295 0.318347828269665
66 255 -0.8036126015671465
133 63 -0.9238700066677428
363 43 1.2104514351185185
296 55 -1.5405548768766537
353 416 0.9209931588559122
191 239 -1.4930504013671575
265 285 1.777271012164984
459 320 1.4577721138630086
66 287 0.20243312904151223
101 59 -1.6219941087192615
475 40 1.371917910903456
478 322 1.9487405444949766
89 192 1.540595915010892
206 372 -0.21034636203808654
308 111 1.6836744941041881
459 379 -0.9010544995337937
484 446 -0.3936016587326918
11 271 1.7297044643742807
165 381 -1.293542697700751
282 284 0.3264651220909789
310 3 0.9853089435496556
486 415 -1.1990857139671607
336 444 -0.47816965402408407
23 431 0.7090560473075174
128 29 0.7682070685926314
96 446 -1.8588259194601733
133 310 0.03935479062534242
382 4 1.4596468166755399
308 175 -1.203404092315333
318 293 -0.19264800709976715
210 469 0.8927546049592685
392 192 -1.7268883189288777
111 35 1.4777635245451037
7 18 -1.3077288609592879
353 375 1.9733431162828317
330 351 1.2821828502562234
322 334 1.359063479084421
125 33 0.8745961891007719
352 146 0.5233259917450486
85 265 -1.7092067346649409
83 70 -0.34645635383132056
427 187 0.6839773372795004
49 486 1.220440651994665
32 127 -1.893687418855714
121 352 0.8805331151451843
267 168 0.7620466570570579
110 63 0.10358009407413249
154 111 -1.1651471341025568
21 494 -1.1747476369456238
92 302 0.8877337209040599
59 133 0.7420839748768588
49 98 -1.881030011440322
265 145 -1.4912252869631368
321 233 0.9123184475754282
54 287 -1.2016978539298333
366 127 0.4650990314693728
232 200 -0.9796555938016902
262 372 -1.9745612371013954
4 126 -0.7790105373155454
429 205 1.3399701064387735
481 199 -1.841305630562443
257 71 -0.053757036044482565
459 112 0.5078710659933949
409 74 -0.7060828743827865
451 245 -1.8481535480392028
226 32 -0.5043504955611717
215 77 -1.4195041271804159
400 143 -1.4086016351969
349 383 -1.572961855524626
361 268 0.1163386850108048
398 35 0.05153315372110523
264 290 0.7627393788832633
300 308 1.417505333683247
375 103 0.023069810933745938
54 103 -0.3414805589852734
304 171 -1.0903700369048828
44 44 1.3426440065120224
119 158 -1.7612307794321698
461 61 0.07211273630391801
390 320 0.1056862920734809
268 223 -1.4403796703144471
209 378 0.0879280733856449
323 198 1.6378419539458222
360 339 -1.1598792040434707
299 275 -0.09276283610106617
21 20 -1.5919048909550506
471 213 1.8826923484006532
270 325 0.34288188930789865
8 407 1.1126212961910653
1 432 -0.9128275701463973
274 313 0.8360698029379869
442 281 0.1073379778215875
226 24 1.1157559367988021
274 226 -1.0935552572149656
351 47 0.6092902571928458
369 263 0.14160828254539481
30 0 -1.0538652736243344
45 134 0.8230339907898485
333 145 -0.37458539391406953
165 131 1.0314339001549402
198 24 -0.7201711833118551
160 116 -0.9732646100988145
63 75 0.03785409767083703
293 327 -0.6903623081003833
208 455 -1.84001432986837
83 304 -0.597284189434331
470 402 1.4491501447270552
444 112 -0.17969271108753038
122 48 -0.015659201791724087
21 456 0.1052152876827348
494 189 0.772061350340405
296 385 1.3852431507320406
276 250 -1.55707962304731
164 357 1.9778259726123109
51 243 1.493017302238238
198 194 1.7904802441412073
494 403 -0.534233866512897
381 267 0.3846691329597971
494 198 1.7403913759137515
383 119 -1.6928800350982982
448 46 -1.6229776396727056
407 189 1.397992041091876
11 368 -0.32655636886737804
62 8 0.607905962906619
317 226 -0.6941353449107894
115 114 -0.42223226186496365
48 337 -1.6375456016057957
340 28 0.8046166394645771
320 335 -1.3228517849454842
483 395 0.30877378370092323
89 92 0.7836353956500912
339 187 1.668089677942218
406 145 -0.3371759168394548
234 319 -0.08559689022183914
44 159 -1.1064863462208487
379 54 -0.4153788523642912
172 464 -1.9405477850920847
324 484 1.6177819515761072
419 209 -0.9464788693600799
152 250 -0.8984095446892049
16 368 -0.582154045514828
195 227 0.12693451153555912
484 16 -1.3303761524571205
109 111 -0.9219670504398749
169 337 1.3408232132486742
420 350 -1.5220501487476175
83 310 -1.594849196478851
463 183 -1.1744632126099073
62 305 1.3127140724313318
429 204 0.11657392833038749
22 109 -1.017139733857006
51 210 1.7621305868202386
241 39 -1.8863038237070802
2 326 -1.2608351143556367
68 432 -0.6508548899010758
297 320 1.8152828747978078
432 26 -1.0976774916824104
83 197 0.26608211094744894
201 309 -1.2231020857989896
350 299 0.7301911937667893
154 256 -1.679452430919909
147 19 -0.9968524672472752
154 358 -0.77368929923942
298 53 1.187772328005562
8 99 -0.19629904862145597
392 111 0.8774405519621253
77 348 -1.2532937881291941
396 491 -0.6846873150548474
49 481 1.7923320913448917
472 180 -1.973170978590236
86 269 -1.7352769387236497
472 349 1.0913923426442418
299 110 -1.6276372233535925
4 355 -1.2708995657409203
239 171 -1.5174050582784697
193 285 1.841131937499294
440 276 0.6493374060143857
463 424 1.4020980512667225
212 419 -1.1979028052874163
404 450 -1.7673250970617564
177 143 1.686406744264397
231 66 0.9137761163859861
212 187 -1.818687862180302
243 366 -0.23725204099522257
323 497 -0.2727665086640525
417 283 -1.3497013802068483
271 199 -1.6421012723934756
64 467 1.670687072056197
294 274 -0.6020615794748583
468 214 -1.4895807387788533
227 177 0.15191155388250444
480 299 0.9216568644388548
391 55 1.141878960176106
100 149 -0.853775809585883
261 391 -0.09542484842262677
447 63 -1.9587858509481388
496 77 -0.37300444052221504
75 61 0.28792699607289585
336 25 1.888921500092605
101 133 -1.4484033884201049
361 456 -0.7322151679579876
46 199 0.9888580380598042
428 195 -0.5503357512491287
324 91 -0.5832131537935075
276 459 -0.1827555102122318
477 198 0.5111777707680263
70 471 -1.534095512821818
342 115 -0.15265087696159485
251 462 1.2280479891673148
429 412 0.967932255253428
20 378 -0.40201249486083457
85 247 1.5699473214514779
411 379 -1.1437272159438954
184 408 0.3342257021681916
336 390 -1.8534236236851522
324 69 1.5076852956552194
462 498 0.6657567017133088
16 218 1.3493130934480768
195 489 0.5989292880142081
74 111 1.2273602739322813
86 296 0.3242270100145501
131 312 -0.5741765674654293
252 306 1.0808453464004288
330 378 0.8577483745744985
293 39 0.19542778689912277
402 132 1.3470611009965792
73 189 -1.4492361087862973
194 488 1.1306316236753196
470 293 1.358429443621767
428 27 0.2046341379630725
15 356 -1.4727003022341085
414 226 -0.09517751511657924
404 408 -0.8400188406126863
232 388 0.283533826895197
10 46 -0.23077982937036579
86 431 1.0331870666583818
65 175 1.468817560531145
278 16 0.4319615791705589
426 169 0.3036959036314699
251 159 -0.062375305166920914
307 131 1.6902713765839619
44 191 0.29021784620065905
52 259 0.899519107451979
404 122 -1.577350459848954
247 195 -0.6441081944658213
298 254 0.5717780295667203
0 393 1.4467271458525839
200 7 -1.652829469318374
211 36 -1.7263576026480432
101 414 0.22558261923483114
308 45 1.0169017206780149
410 61 -0.41751503320666306
459 167 -1.0495972087585206
462 251 -0.07357595911485593
44 6 -0.2356739467588871
311 368 -0.9279208421432932
449 209 -0.94304513898782
58 108 -1.6544089030497031
137 350 -1.8202231907157147
393 174 1.5796258704016424
89 388 1.638777061656309
317 259 0.7085589151211868
19 114 -1.0542824075806356
82 323 -1.8704731849024943
132 389 -1.3007697702313026
284 383 0.7599046794258522
297 461 -0.4046718681434158
267 378 -1.000004424602202
416 420 -1.3052136378025048
315 101 -1.4758236346125955
46 178 -0.6494876450022833
259 163 -0.6032586233210226
153 58 -1.299639202351198
499 115 0.7018773323586247
334 494 0.7083205218260433
42 252 0.49690744395353414
430 249 1.0591817306532771
41 292 0.29006289281086417
490 22 1.97359577222386
110 231 0.8371490500235463
83 339 0.699583998057721
190 101 1.635222726326437
454 204 -0.6354499461903726
230 70 -0.8511017375336336
442 180 1.7327577867461006
345 248 -0.573869124262695
357 394 -1.542758090443081
448 164 0.646979178194897
437 248 0.28236412641963815
238 357 -1.1614276903071596
193 427 -1.8463205179344309
295 392 -0.15228890285976737
467 154 -1.8545654434283492
218 274 1.8929335777736163
420 218 0.7155102158085538
81 278 -0.2717552911802703
468 340 -1.4789068457308692
406 305 -1.8991206228997686
314 402 1.7611623480692251
51 173 -1.15646719217832
317 95 -0.51154537487505
391 147 1.0343456893920364
481 0 1.2042494566229096
470 217 1.3455199851380129
139 214 -0.4770639381141386
469 80 -1.2679178255641164
59 235 -0.024426592663644442
349 96 -0.8501253275501326
126 312 -1.7576239596228076
123 453 -0.14507582605566016
483 362 -1.7835869047128776
447 40 0.9202875063425751
296 12 0.38896351035993204
280 113 -0.1775790553546046
192 392 -0.760314140036364
380 365 1.6614632351133847
212 52 0.539227481560498
402 436 0.13344541274266497
404 342 1.1773791205555235
286 279 -0.324796500206352
89 171 1.4727605729854027
168 162 -1.9999093901952745
61 327 0.9445496033490457
372 341 0.35686604757324725
183 29 0.9808429007510617
170 490 -0.18069452827996058
25 181 1.8489836113047047
305 365 -0.7069642156318676
79 403 -0.317592270921514
184 415 0.9593681164906243
398 401 -0.1507280858124167
419 2 0.3889537308048423
230 167 -0.3227045807927147
59 40 0.4801647938749647
451 270 1.4468375706093997
38 81 0.7641338198224017
133 8 1.8885626785362066
224 114 -1.5660550962047552
337 87 -0.04487593955302893
249 467 -1.0298076849837936
367 297 -0.30621589528709636
188 142 1.5425392710385104
115 392 1.2797205374541898
89 40 -0.15441242047587034
427 114 1.936030644422034
400 295 1.8079862467143073
111 218 0.239585977500961
108 123 0.7352025797919879
332 496 1.9044824634122621
310 373 1.010536822739164
390 499 -0.9451802147905481
375 325 -0.3578985528015797
289 408 1.5152219566407288
87 48 -1.1672260275325854
276 16 1.0181923713770429
377 478 1.3399891266010737
152 475 -1.7231835834765525
496 456 0.3039868371457435
99 43 -0.5299526793153393
477 72 0.8720288720600089
424 273 1.3637940593461986
41 27 0.7081670771573552
435 141 0.5805348441396059
56 83 1.980240412300026
179 340 -1.6759088647141467
330 254 -0.2934727549939571
59 381 1.9094470325853279
165 316 -1.2453704834765418
31 319 1.7401051933716056
307 35 -1.973619542916746
428 397 -1.3116711763404094
364 284 1.8266655477239135
427 392 0.5970342277721112
12 330 -0.7109065623191957
459 220 -1.9887071252353432
491 336 -1.2232544691721556
246 151 -1.124308533305681
29 240 1.881562575890341
88 285 0.10207748647721226
429 469 -0.4424021661380735
127 31 0.6462920201715652
102 31 0.061191686500132736
39 316 -0.5550206068207206
350 78 -1.6553534883596726
386 487 -0.06080752066622974
404 457 -0.5641051626262463
202 410 1.6815915754406139
225 134 -0.3332364399035268
378 240 1.0141622498126117
128 489 1.6555533227370938
345 238 0.16677140283434877
308 80 0.16761030438481805
432 476 1.656585866553685
353 384 0.492370463030841
184 251 1.194734311515059
267 204 0.7179372004724902
290 62 0.5932770816804513
429 303 1.1814936681804724
16 231 -1.8387482415759155
439 409 1.7644834376442367
44 238 -0.5862261251472636
228 304 -1.1178752781710908
199 444 0.8527611216195772
306 164 -1.539335526640794
17 75 -0.6575687476877841
170 441 -1.2878829730843226
239 453 -0.9986207713428685
434 2 -1.2355375097304644
220 25 0.6532564097863105
406 93 0.061555202445954915
87 44 1.562142056804035
37 426 1.864324304011943
395 324 -0.9250854825384698
184 268 -1.8210947710398147
2 405 1.5271820712187791
110 439 -1.306288503745578
133 104 0.6170581594152069
24 320 0.550991833369181
199 351 -0.40707877333043907
309 158 -1.3557234724803124
459 499 -1.681612513186813
286 28 -1.3894400178763817
161 440 1.1511989117706416
323 202 0.43362058098568657
447 90 -1.3967750264634051
99 456 -1.6086150543758606
64 446 1.3785704915941057
330 484 -1.2765992200767022
58 196 -0.934354934245333
435 457 -0.35272519697060734
130 56 0.5795966308925973
124 324 0.01602979743861832
256 394 1.7853708288299988
67 439 -1.9794556253100253
335 23 0.15073478483150504
444 393 -1.1707499412217341
329 57 -1.754638539970626
296 377 -1.1122418814906547
165 68 -1.1787296949563828
220 444 -1.7145878256350988
227 76 1.7451639067040614
34 398 0.9922340198876296
260 214 1.9804766404891492
115 259 -1.3375162264793161
58 258 1.11496587491341
342 81 1.628705160828856
357 276 0.3640603674440541
10 388 -1.0371421496807214
235 447 -1.4782413640488463
93 107 -1.101771271256502
411 410 -1.048260935356311
308 180 0.5273494047372682
277 286 -0.08564088416640558
201 261 -1.677589223332236
447 137 -1.190969837686778
226 162 1.282147311955098
142 100 -1.2469674385929954
370 155 1.1054190328647078
135 209 1.5104061546652368
166 366 -1.7540394159893014
498 380 1.1029866302255527
446 170 -1.4071126471618136
124 326 -1.530215703417828
206 8 -1.9956407035064294
416 395 1.4172893552256416
27 242 1.1536566210980461
114 436 0.5128929122280952
126 396 -0.11719136686353071
297 110 -0.16324606729784463
245 126 1.7638927983207218
460 382 -0.5643431141879085
132 224 -1.8503936565169758
407 222 -1.270273130376213
328 322 -0.29819636730221744
12 95 -1.408853375232491
167 171 -0.16349744024968738
26 98 1.0987523639740049
82 237 -1.578834845446481
389 11 -0.4484104350119247
277 106 -1.2360210295201135
413 160 1.4114374112935368
194 331 0.10113314973537157
146 22 1.9567554471779491
106 402 -0.7323829094678924
110 389 1.9803016349391087
398 178 -0.05153996824602025
216 434 0.2226289732434763
277 27 -0.5880513589247292
0 254 -0.07449575038951783
479 458 0.28840995547854487
9 19 1.209450274259181
130 370 0.2440670467038486
42 432 1.285366318695695
462 269 -0.6138840705031536
399 221 -1.8051595651717869
125 61 1.7288482874440114
79 413 0.02314592363360557
201 289 1.1135584706366495
50 87 -1.211480116871948
441 8 1.0686692710929702
180 154 0.9864935128341696
217 340 1.2280553063145732
69 451 1.6306312162118712
249 215 -1.6262424070616026
342 460 -1.7645806023370931
75 43 -0.2947737848096672
488 76 -0.4629588960958606
133 146 -1.3355994809600715
225 278 1.6203766436299762
95 32 -0.14843764586668895
156 442 -0.8487660431143369
303 102 -1.2557098912131872
260 239 -1.0776071759518566
312 474 -1.2692525541472763
95 394 -1.475154508689695
2 329 1.498296244206141
2 292 1.5541667016300358
398 19 -1.2738507131221977
183 370 -0.7180738296405158
184 34 1.0892737695017716
261 363 0.4138398514056387
458 212 0.45127760456240607
65 164 -1.9526816155685944
333 131 -0.25740191629518305
78 375 -0.5871493940605328
92 264 1.8521972563334672
232 315 -0.8990678918043304
494 50 0.5299915443852661
273 45 0.571762354895534
464 413 -0.8682811858313091
325 230 0.8825044711917975
169 428 -0.9624545736669572
65 159 0.22993249002667016
111 303 -0.2360667559274292
121 35 -1.3353911367863303
41 239 -0.4044331368123375
158 120 -1.7578402008185923
210 3 1.4080818811563787
275 337 0.9939426887783696
199 309 -0.9987213875722452
475 326 -0.07373693569723327
467 404 0.5870508429241372
450 357 0.7609438790583605
466 436 1.7419042388846893
481 261 0.701716179142982
160 447 0.29456152775287014
492 189 -1.6701206009130658
78 489 1.5874186845125084
245 290 1.5262820653729339
8 324 -1.0314510632141776
336 203 -0.8201492945590538
375 139 -0.567957842462044
194 132 -0.49416889656012897
51 5 -0.2760640735796569
34 253 -1.9767191095864458
186 424 0.6678509602157301
493 249 0.27282443762683606
364 9 0.5722976803143744
332 187 -0.015993364859135717
99 54 -1.9636655572385409
285 455 0.03241082920214389
149 455 1.935025394414068
254 408 0.7082067146398328
161 143 0.27503498475762633
483 389 -0.3578612925555755
130 407 1.2291354650473392
371 421 -0.6752583519265314
374 375 1.1176727633803472
316 460 0.6454691101376175
254 154 -0.008298155484249392
17 93 -0.24277573963069887
86 470 -0.4019628646892768
474 214 -0.9955195405808079
339 35 -0.39505772767776914
238 353 -0.9519692918711988
74 459 1.0598500310085996
24 347 -0.9482337951108462
421 421 0.562278533519823
284 466 1.9792501641129094
7 77 -0.04782655914296541
157 133 1.64870647396206
363 57 1.3305404560110632
397 118 0.8266564990509484
272 256 1.0660988823996442
4 206 -1.2743305492337926
152 428 0.18201262459317658
256 330 -1.6655906278152885
44 265 1.89089748122541
397 372 1.688634872363263
379 397 0.012226711917362465
394 385 0.03320156813813835
69 286 -1.4129038948280566
305 320 1.9216051562258092
13 46 -0.28388524739126053
249 27 -1.3554110965178836
397 287 0.8514500860970831
325 456 0.8556691049960525
97 238 0.5870695072454555
246 380 -0.23570623722300077
124 377 -1.0402986949300246
23 386 0.7937506806075372
122 288 0.15357045974380146
476 404 -1.8971965883068487
419 421 1.2762059073538663
447 297 -0.06307330686797386
332 270 -0.0026551342412388657
90 159 -1.9445716990054294
82 124 0.7039844497872987
106 127 0.4799621700238754
348 210 1.5507765003469105
423 174 -0.7250070021374619
228 32 -0.30256780276945383
151 238 0.11803956392601789
374 212 -1.133720626393274
369 134 -0.07874876330917813
410 184 1.4561180230999926
138 10 1.22732836461241
437 40 1.9650256018680756
263 30 0.021167940488711068
269 109 1.8154689670037563
338 295 -1.4065576530379138
136 421 1.2629542843110704
190 81 1.0809023293712596
276 20 0.018734095583080812
390 158 -1.336446102293006
218 63 0.1304041549300612
175 349 1.6971210700196915
10 99 1.4610200264336735
250 187 0.40241650736705736
374 362 -1.9076726074472363
280 254 1.3958123899709256
247 476 -0.2010897523063222
306 30 1.1677654869841376
328 51 0.6349519867380917
145 356 -0.860539129479776
346 93 -1.3497565489631107
449 30 -1.456816997108406
270 125 0.4079535650488566
90 278 0.29415930060057516
44 97 0.6741945817440853
167 270 -0.08508996855320428
336 435 -0.01238532490121802
56 428 -1.7904244703006915
111 30 -1.9780859219056577
297 121 -1.2097614726129051
435 221 1.1575246680245854
284 400 1.693433642250072
390 458 1.0937202059186717
374 9 0.5718954706800199
211 167 -0.6051192924325459
203 405 -1.5679937587539068
246 437 1.3657871990978325
497 287 -1.6615069693149391
105 347 0.9636390508606993
113 223 1.075499512539444
138 30 -0.9592018514209273
94 174 1.0469384567890567
230 55 -1.6193557494083657
411 272 -1.7740758710584528
254 253 -1.0801206540508068
399 393 -0.7758785214914532
401 461 -1.8360745073325102
260 15 1.0815147494788935
208 142 0.3690690929963316
363 475 0.6764299664727043
157 343 0.40357275435355255
434 18 1.6366855852352646
295 347 0.5521515702575406
123 266 1.082675420486864
459 267 -0.3099918201597931
53 49 0.8481318294909497
41 486 -1.022303679917285
457 84 0.12246755918499463
71 338 -0.30437068277672896
2 44 -0.6425094351371605
21 408 -1.271163514547919
439 324 1.0130722000478527
382 269 -0.46831513930766855
231 352 0.388065312088008
71 412 -1.722671468714383
61 372 1.147729603978719
22 367 1.487328497540151
433 340 0.8732840616882647
435 72 1.520848775631503
194 364 -1.2528054385126097
78 434 -1.2550248120704217
458 143 1.117600727403298
82 169 1.4669137832903734
122 136 0.014854060166729965
267 175 -1.7153760299095313
91 311 0.28063999524077765
28 467 -0.14435956520809734
94 387 1.5511034777142028
276 69 0.8971492820390248
415 368 0.6549339551035911
90 405 1.960622273319339
195 286 0.369198575159138
397 209 -1.4268175569537038
18 351 0.5694324332995566
246 54 0.3460236253690683
238 226 1.6084916777015459
97 239 -1.751752885568255
468 139 1.576571285327966
272 232 -0.7452908224782169
462 89 -0.4158852152620516
66 332 -0.3550568153889282
238 136 -1.5305221499053157
366 484 1.278832825236604
337 327 1.3872151690391044
64 20 1.809645109928344
347 459 0.09769780660483418
382 52 -0.3478408484667068
354 262 1.3442503628241114
207 478 -1.7792095450195347
275 92 1.8442997824116496
169 414 0.2955405286962236
34 136 0.8955710875052691
294 401 -1.4093945325725161
300 238 1.8251524743826693
428 99 -1.3352593297077662
130 293 -1.8529272017304361
99 432 0.6743077651224207
295 259 -1.6045346526516377
384 311 -1.3076244871496394
145 292 0.525502241194864
498 428 -0.7467620629027656
491 73 0.7225980427553598
290 287 -1.5172701957398234
497 311 0.35625775835569184
370 64 -0.7087347767239178
443 480 -0.5877000910853503
267 390 -0.9071494013697023
362 196 -1.992918826665269
108 111 -0.06071528626885936
421 113 0.16444697018176058
96 484 -0.09876385224263062
49 232 0.5319925187101853
208 297 0.6146095948070829
265 279 0.8655398065144277
353 326 -1.2901461787548874
471 22 0.7450237564933442
144 157 1.7855279333355574
170 341 -0.7091608406710925
428 388 -1.5917169280047507
269 454 1.9290593050715712
264 441 -0.6085558176950898
23 62 0.5337707659761577
426 454 0.47800259583002047
108 328 -1.3696865949608066
495 9 -1.0137771660590267
241 2 -0.3923930243720104
328 401 0.600561364691151
498 258 1.4392274114286603
8 103 1.8640639929840574
268 455 -0.3332076396431205
305 97 0.8478046147686737
336 101 0.7063656113612815
211 330 1.6589946582812578
11 293 0.8178145524574689
157 112 -0.8540903790130612
100 224 0.4847791700054298
389 328 -0.7961518682127444
141 365 -1.2348712662642045
80 256 -1.518070507213206
373 339 1.7085867440930467
106 310 1.0014696790816329
293 48 -0.45377295612552704
216 335 -1.515615955853106
295 59 0.18561360210605793
482 427 0.8946929190589059
109 41 -0.9046629552824479
475 297 1.5796557769653394
135 115 1.1783121826176455
443 260 1.1438194014548357
3 186 -1.4776121307738728
177 259 0.9232733895059688
240 26 0.6145659547668174
377 196 -1.0872362120325643
223 471 0.05128896782728232
43 403 0.01367275899733622
228 109 1.5083675032613386
254 71 -0.769696798157872
2 173 -1.8646869628108158
469 294 -1.0348085254333648
293 390 -0.4894858724402966
418 123 -0.1925433897302966
357 424 0.9286286782613562
157 483 -1.6814864825510636
332 222 0.9863901627001228
24 468 1.2529796296196003
444 375 0.4105520074266211
201 171 1.9671990701758157
490 419 -1.3789390773393175
376 255 0.8880122702949125
137 143 0.3496971532933153
58 395 0.19736732573049975
103 221 -1.4863750847765216
453 93 -1.507037173318237
73 272 -0.41307309766689615
395 6 0.7345231699526806
69 141 0.5565718244348399
227 304 1.7832444499322744
186 207 -0.1799351232198596
139 80 -0.980106258100431
256 251 1.4659151757224822
173 320 -0.28511899634339066
296 351 1.9630258604727482
232 172 -1.2343175210888329
370 332 -0.30376356354514344
469 182 1.5184501271157216
395 121 -1.661897636265803
6 20 -1.8244481105216717
435 149 -1.5808237348572898
392 299 -0.5185183282818788
114 68 0.2503813289968466
165 192 0.9666726949797937
22 139 -1.0281515281767266
121 378 0.909583688534437
17 425 -1.6682895694188025
276 290 -1.7886960297794379
438 410 -0.8878313003913592
10 240 0.4953191058465056
370 473 -1.0959892015896848
434 113 -1.1874556586416336
224 157 -0.8191839086980508
380 169 0.38280154697073554
371 292 0.8415766732363141
306 339 -0.9238691232593812
338 323 -1.5058040979742318
387 15 -1.9239130830693667
129 158 1.4238513848299523
260 398 0.7356063828668211
441 333 -0.3144197085538636
43 302 -0.5934329687490401
297 489 0.7497921486414381
309 300 -1.203534457699181
299 318 0.26465268516741114
463 474 -0.6390007855442885
90 453 -0.3130445323548705
492 44 -0.031194079569594635
335 416 -0.49872972147648476
98 308 -0.8486655074464475
361 483 0.6040055349074178
288 470 -0.7674278258646958
95 165 0.2907437893788605
225 209 1.7845100266685918
295 234 1.6318507009499044
127 399 -1.2513110447792095
318 449 -0.6146659810276289
81 219 1.4455354108797365
194 198 -1.2364436543100936
426 107 -0.21638335325988
340 359 1.8379315697884921
371 371 1.9497975758046264
250 173 -0.3903472637236387
333 248 -0.44540052885118664
379 182 0.5513932495993239
492 463 0.9616904821320822
445 189 1.3426387818044074
489 249 0.6866885487328536
105 330 -0.20135652720260966
366 407 1.2687782808662873
213 97 -1.705620413877038
472 372 0.7271559437761241
315 82 -1.360096387291032
230 362 -1.352126002432812
475 13 -0.10932904394552923
54 414 1.9729764913016123
346 287 -0.4652982207905807
448 26 1.365192605820785
108 148 1.310800255927064
397 380 1.7114513349509388
147 124 0.21421005404136517
342 441 -0.8872430211389073
237 421 1.2243521218615108
490 423 -1.580530851248707
145 223 -0.3031446353657983
34 415 0.628245567730052
269 169 1.3540941070859303
416 238 0.43935647553982937
28 456 0.061881447214484187
256 401 0.7053344506648425
442 137 0.18926736470277428
410 205 -1.9844452850941683
237 113 -0.5326607581375242
143 132 0.48883469404584723
256 339 1.5593813862708896
189 7 -0.6369007720526136
39 110 0.46104069351378474
233 360 -0.11023811317169674
274 67 0.9972310722223425
226 465 0.23376131591578986
22 427 -1.249004508156354
494 445 0.2836636393774712
115 156 -1.5187772288937968
110 183 1.7273552830721361
198 163 -1.198736499572239
67 42 -0.49239246991498
101 314 1.18654809290152
387 179 0.3469832498748624
51 373 1.3427738754404768
164 353 1.2729089809438645
306 359 -1.649862848700887
47 73 -1.1577205305563774
311 91 0.11102125771481663
438 137 1.6438391221460136
148 169 1.6806032338325694
216 486 -0.7512086860458185
99 27 0.10438946546043315
322 201 -0.1656290052446696
28 102 1.6905096518215283
375 259 -1.7089190653851691
105 16 -0.7871277516033395
134 397 1.2221769502801143
15 444 1.5665652594253823
473 231 0.3000741278615071
101 143 1.3421839404805604
96 385 -1.2821002352628748
268 335 0.2552554463022023
179 443 1.9906108036748362
386 495 -0.6331810067013945
59 121 0.29782295472147835
437 430 1.184510325628903
133 171 -1.2565985324807487
289 472 1.8247756626798513
339 77 -1.0208026175306815
340 26 1.6637102783675815
420 204 -1.1342902631887064
455 162 -1.867213592318051
468 262 -0.7655437106017127
61 59 1.4018632617306084
460 322 0.38383782123576804
485 3 1.3785163668104201
21 284 0.9618467949897131
116 161 0.887986557075767
467 345 -1.6009988036387677
94 432 -1.779618381678977
391 89 -0.1424969937595959
241 392 0.861043803306039
185 482 1.273093008220489
369 163 1.8375884565561527
222 351 -0.06708351002315371
491 74 0.9299523236626412
272 211 0.19303322620020635
283 234 -1.419745252306598
210 180 -1.7267288690862217
109 207 -0.23107070719060552
91 140 -1.8555352439936015
237 407 1.4838945768988387
336 132 -0.14583046359774343
105 28 0.9398973347269464
181 366 -1.8974595521171285
371 176 -0.9781023716927426
322 204 -1.1976087832532079
89 105 -0.16247622955731744
373 384 -1.3526172512016617
309 362 0.21986069823599586
264 51 0.6310136475853501
471 225 -1.1177880088550265
433 467 -1.8860759620688854
225 340 1.7050321141791973
478 363 0.46083057969833163
197 440 -1.479773066217032
0 396 0.9356296556685875
148 298 -1.3921950082052632
296 150 -0.1200967671906703
286 374 1.0254560237281538
477 448 1.0078630917405826
219 63 -0.8063553821261382
410 217 -1.9591149972463024
499 88 0.715945169840583
79 174 -1.8871261217491022
168 442 0.5798591774110351
135 126 -0.045813807097205395
158 417 -0.6665517753800319
381 424 1.850612347635738
487 266 0.009534221126775932
263 88 0.6398562247355954
435 249 -1.0392058808881868
374 162 -0.22170082751819198
166 372 -0.8365012509357559
116 390 0.3002805587544435
295 182 -1.5289858443216282
186 148 1.4975295280578855
8 178 1.2664033271391246
413 58 1.1835663155919303
374 240 0.46721763343110334
208 251 -1.513423416434839
157 216 1.1714699723667885
232 454 0.27552697770984214
484 131 0.6453936104158045
362 168 1.2552957941014178
34 318 0.8376054138181424
478 27 -1.8504775309440786
306 11 -0.5339105437546587
219 91 0.5338386716948822
145 334 -1.382986006949647
384 184 -0.3469350346442157
268 466 0.6456007190288262
313 149 -0.4997077098308429
290 458 -1.918098492974774
479 201 0.7875462226674856
496 143 -1.3985001429932251
184 125 -1.098052409951571
201 67 -0.6513026056551525
133 214 -0.15590995320394008
477 27 0.3113342834995634
327 275 1.2311485674599179
144 440 -0.3636661683201088
77 107 1.6284184614766537
274 89 0.7739760368541684
8 197 0.4311308795587374
397 50 -1.5310850013266926
162 351 0.9615131101680499
167 456 1.9720420893147126
317 209 -0.7206094398589644
100 444 -1.5871088479915962
202 331 -0.23443711607731155
151 194 0.41786053715483984
143 457 1.491303776650018
285 382 -0.5573137313982595
17 137 -0.8247905876125925
228 446 -0.7421568677311079
355 426 1.5054549612062997
383 92 1.481641055212609
73 112 0.3980195084927023
49 498 1.8337740486986358
376 175 0.8532882399688941
187 379 -0.18641151470510797
61 81 -0.07769505056308201
67 28 -0.03054471726299912
481 257 -1.8756511219121017
62 428 1.5934972141146342
61 460 -0.9234272491735251
302 326 -0.7987420187470313
221 195 0.7729818241468807
23 471 1.7080231872953684
209 312 1.5582590142001527
92 225 -0.9280230888028651
243 493 1.2884289623237004
182 433 -0.9551982078705552
401 417 0.5271746883402719
455 353 -0.042896172688762224
327 145 -0.4235920500986361
198 434 -1.3742999962162301
72 27 -0.7942507193427941
204 133 0.30976389891836664
185 493 -0.6332696886710907
322 377 0.15214918332011518
332 301 1.3285907780545787
491 193 -0.9559207557603333
18 330 -1.3438256394934975
346 264 0.8316299012946478
481 285 1.7774791057804795
271 139 0.7156118931661899
226 91 -1.1888213137035248
136 98 1.1821013079286709
114 308 1.9694287440386402
485 142 -0.6186499921710706
289 378 0.3140560673549002
47 14 -1.997882546586605
451 222 1.6109161155149931
496 23 1.09890623948323
25 328 -1.3029775768661498
464 24 1.2500072290330073
366 221 -0.0009860822042417894
398 18 0.7436682557840624
159 230 0.21901051770239555
347 394 0.20486368595333904
431 289 1.9369147356288043
259 379 -1.7476842101029968
423 387 -0.19824669223430558
358 115 1.606220945381335
174 229 1.099389341504308
204 265 -0.11983830657500372
436 453 0.7321691591261423
485 357 0.23083435311870248
186 78 -1.1262744148933947
245 275 -1.894456252591553
200 86 0.06955154973819955
140 164 1.298459909629135
248 460 -1.5406132581196932
377 48 0.16028424438402133
364 345 -1.2895263021164656
265 375 -1.7082173608072062
239 422 -0.3844401227387064
294 316 -1.4503733062872484
360 105 -0.24651617026534778
285 192 -0.9323283587595363
312 194 -1.1906875849853047
267 424 -1.844672396430226
320 359 -0.22926942252819416
22 95 0.2729804077912785
44 224 1.981295625448448
260 405 -0.7513121281255777
85 362 -0.649692827983142
165 103 0.10426360767319709
253 403 0.11075991809333186
441 188 0.34016252021800586
398 264 1.6737033215807897
319 75 -0.5852369295008564
44 484 0.852815468830709
1 1 1.7343851257838785
295 191 1.76631386851613
447 11 1.977605619815587
237 5 1.2733703021987144
487 143 1.6481990969408433
281 26 1.9526539429951741
426 300 1.104163896065062
472 9 0.9449044404969644
35 415 0.85689804618411
195 347 -0.8517217359597602
241 268 1.629521694511347
113 199 1.5494569023707445
340 284 -0.41807636241076285
381 454 -1.375563681784167
406 252 -1.5805023382820815
37 346 0.45228176987170077
322 180 -1.3749346025086169
421 359 0.17066940234264116
217 388 -0.8380850995248452
382 311 0.7295169779005599
92 180 -0.4303740345119049
91 358 -1.6975175582807487
399 96 1.8688212477529245
352 37 0.8317361029444732
381 326 -0.6688430063807234
197 282 1.5058332753590555
378 158 -1.273699411006818
334 118 1.5038754272433086
348 327 -0.17023930783133734
266 377 -0.2662159390647725
341 297 0.12033507032099333
417 227 -0.6530131856117309
253 147 0.029334202781153174
355 297 0.9519715748320947
351 258 0.1025749413304391
476 379 0.32215938282596124
480 362 -0.10590494015741125
114 227 -1.2557140840577765
151 473 -1.5818616914069814
103 252 -0.954443205919544
444 215 -1.0641077514990793
447 164 -1.7563966590495497
286 117 0.6097904959716902
494 295 -0.418079932532303
208 45 -1.9543815508527764
176 181 1.8515181288439995
73 415 -0.10661816871483465
70 451 1.9085204254410266
4 57 1.1186719420422073
433 164 -1.4832749859777143
219 366 -0.6328640050665775
73 18 -1.471271433916002
162 456 1.181532808769913
265 279 0.1302310872695127
2 344 -0.31681587286412594
192 64 -0.94802054660386
194 163 0.7752315719047584
286 332 -0.004769617940987292
271 140 -0.8174895346766102
3 258 0.26884180534962177
195 238 0.7882053593165366
273 35 -1.2921392802366478
354 141 -1.474913468590215
452 392 1.2400581136550577
51 79 -0.5219296042613366
30 499 -0.7645222427473897
170 44 1.5158421889544904
447 264 0.37911416155370814
487 63 1.081979924679993
186 320 1.6660578721871917
451 496 0.8558534523004253
89 443 -0.9436187259060489
286 363 -1.136549216274005
472 319 0.7134919905731945
261 145 0.9205011576220707
112 259 1.4005324373440509
323 173 0.25018187655467683
155 3 -0.6890761612236527
357 239 0.3191945761938797
434 170 -0.6851464795833948
323 15 -1.6374268998708854
115 216 1.2954237399751793
382 121 -0.855716998257535
178 279 0.803773287998601
39 35 -1.7314568259256125
49 421 -1.6391982255653819
153 295 -0.029936966119012087
20 468 -0.6040646890810826
178 388 0.6246298965473858
464 62 1.9537637566424704
85 184 -1.4144365526474916
7 287 1.5869614930725957
209 224 -0.6610792647782233
231 392 1.7365468041088836
102 361 1.1890096907932688
250 425 -1.7089785205051577
397 64 0.5290551815925864
481 95 -0.967070024297175
441 350 0.7078777011795903
388 183 0.676835655289143
212 347 -1.685539744099354
110 470 0.8228437255763139
162 60 0.2971090546316928
76 374 -1.0812822805010947
344 225 1.7545305358453103
153 338 1.7890460590112611
415 22 -1.1431134999738939
291 429 -0.4708292809087311
257 266 -0.20926446621885608
303 368 -0.8157590944319555
65 247 1.5066271307777384
498 258 -0.14531434949676836
110 264 0.4409541127402541
96 453 0.71728352054292
170 162 -1.5598192537757605
190 175 0.10414675556758057
279 44 1.9583746228239063
185 400 0.8976774034808952
159 198 -1.3274850134641065
221 311 -0.5401527911984867
451 225 0.6863888393470412
198 358 -0.803587479271751
88 405 1.9126558923087584
268 108 -1.2639497814880252
485 170 1.3981319323759824
4 396 -1.8088684375397008
189 377 -1.8647114349669454
434 78 0.31804311832227716
269 402 -1.7687071957249274
31 10 -1.0095573817740973
320 31 -0.7332028543505
180 477 -0.17739694218625734
127 392 -0.6482249922040113
322 222 0.29691884962648407
234 62 -0.5401822434030161
110 464 1.2672666110150956
244 204 1.8940214463414127
404 420 -1.7750507689649822
111 16 0.8016432581709059
56 314 -0.3032111256300487
224 64 -1.8813188041117828
405 276 0.6693447673291191
268 392 0.07132356447763
473 425 -1.6158920866103967
227 116 -1.6924993715509187
5 394 -0.6982198518416411
224 82 -0.5299174710648185
357 137 -1.4103464235399419
67 294 -0.2920888694680781
321 208 -1.8284259651996297
297 460 0.7801880906588194
488 274 -1.190093469682794
22 37 1.6219086110561407
414 176 -1.1249463402529893
22 1 -0.4060186456579724
442 264 -1.1839765003221872
452 347 1.5552566324777128
398 250 -0.584237945872609
159 344 -1.3659435924643653
403 59 0.14499842462211188
261 103 -1.456396861012867
72 172 0.15458201693371
294 295 -0.621903344565014
46 409 -1.0267690579022077
48 154 1.432526824019952
166 180 -1.4561254578163036
154 470 -0.6312408712667712
145 148 -1.1874893605608094
323 91 -1.5859722593788517
434 0 -1.9678189695018147
358 366 -1.434518619654205
355 14 0.09121903416078947
222 484 0.01870308815581012
458 386 -1.7239215909420076
196 443 -0.7327985271009085
100 117 -0.7733116613792443
197 44 -0.9195208190788757
311 252 1.7148714195951866
446 302 1.9935394435438272
402 62 0.6997048390760741
59 357 0.6414318130323946
242 201 -1.7136594909212062
445 373 -1.077202685257605
381 385 -0.8533672826938914
44 415 0.37477205227087973
470 9 -0.19402587084479217
406 258 1.6290708872707236
246 79 0.4404569635654112
455 98 -0.5897022900577045
199 45 0.26429645157843185
295 471 1.2417077312564087
392 131 1.3254510989280068
277 188 0.11381365808432964
101 166 0.4933821779769141
382 149 -1.6293889871708376
271 276 -1.931265926245846
249 114 -1.3749903448307466
235 23 -0.4899319650213485
84 44 0.33637390055264715
343 356 0.09975669783028263
114 149 0.7918948151475029
247 22 -1.4342464217231896
439 197 -1.1055988651549784
387 489 1.3526095168355483
66 345 -1.539807773856575
55 9 0.33278849965333546
332 245 1.3386849849613758
479 469 0.3042379760818763
485 56 -1.1133670719599449
6 373 0.7950407981447616
335 352 -0.5958051782695386
240 66 0.14773334800903415
276 238 -1.9445214058529765
442 115 0.9296774640430154
168 18 1.214846452897195
211 168 1.589676651154892
406 127 -1.4624773242567253
351 361 0.8971804462832429
366 120 0.037890182515917026
327 241 -1.0241606272904211
272 283 1.8193226665251507
48 15 -0.04632330684428432
357 77 0.042659062498255906
43 460 0.46932121290228945
271 80 0.17935028963665722
104 402 0.8695411577744991
394 324 -1.303142211200241
81 21 -0.8701952997325839
71 351 -1.456761632376013
405 417 0.3208812142725672
158 204 0.03910486464814111
44 44 -0.14580877230866207
35 134 -1.9476162016622638
395 96 0.5614851333350872
455 483 -0.37814993363849236
471 47 1.7353921893924458
479 444 1.8322934461116445
62 111 0.11972279792692486
479 437 1.84110130365086
235 73 -1.8323536582610571
385 405 -0.32323631741563563
36 374 -0.5101025152023211
282 397 1.6293496778393304
251 146 -0.4714036808010911
332 97 -0.0586007346820443
317 338 1.6106887301138828
74 45 -0.22005897591179346
204 279 -1.2915737307107955
174 457 0.359325568139393
458 233 1.2831208353994707
253 416 -0.255809373037585
66 337 -0.29211860742266005
204 139 -1.0367284124947251
223 97 1.3028786862563888
183 71 1.2400154440434412
415 210 1.6143444702578176
6 63 -0.2688336576752448
111 208 0.1096517220984845
334 458 1.3692243801894879
324 246 1.803742581238839
467 248 -0.11142346817388393
51 199 0.009771812461465412
438 272 -1.5646065576899573
206 307 0.18290637180643765
168 206 0.6816881388710949
122 44 0.4484426727624129
446 99 -1.1913805649315194
126 389 -1.192967582340967
1 362 -1.688562009272247
462 152 1.900637955894347
211 175 0.2242165308969759
24 271 -1.9711474662285529
279 182 1.1462351837542784
145 197 1.8570621518154273
376 319 -1.2108228889606876
388 16 1.1339250206587326
388 328 1.400173366922501
342 258 1.7418687651807532
185 272 -1.5223946015615804
339 324 -1.7188202475994587
499 92 -0.26439584114882075
210 107 -1.1675158356055806
425 57 -1.513667522836966
386 203 -1.0223270574537175
485 420 1.535829531225743
223 458 -0.2800445374729925
440 391 0.5467192242214467
378 92 -0.4560957501552738
46 127 -0.658700964808999
118 301 -0.24294762815446402
160 129 -1.39466611841411
265 460 -0.11185370109352766
309 273 -1.3077843426075142
33 181 -1.3187758571198485
364 104 0.21151529072987962
334 105 0.301183711700971
125 84 1.2582157092605502
476 497 0.8721966565013641
426 158 1.247122719292285
32 32 1.8303982525050349
17 305 -0.15329289369515742
18 10 -0.33660252693432735
242 253 1.5342175510133078
360 359 -1.7938562828948266
3 133 0.49444552085506377
221 307 -0.7134232814211399
499 395 -1.2511388576588778
116 238 -1.0887751570746782
301 313 -0.7100233857867595
488 122 1.5213166842205994
244 255 -0.9962397115908144
143 148 1.758756341894359
133 360 -1.5566995662854244
120 388 1.046334711756205
295 442 -0.8847930959155237
483 196 0.6954928666636766
150 389 0.0989728637704057
72 249 1.0556286015752212
279 283 -1.3816982010432541
394 345 0.8485608883546694
365 6 1.2024870677859587
223 25 1.91264832073609
494 261 -0.9440203662655233
210 391 -0.09977511018030905
9 382 -1.2807319958882584
497 224 0.38100537301249116
338 112 1.3627755685615566
138 207 -0.5695464188059143
199 228 0.534732567106885
356 310 0.6051241122815241
67 278 1.7838235033251642
72 362 -0.7319914430926966
354 491 0.40047492835160226
170 395 -1.9926276544692132
366 146 -0.8729174864338858
242 126 -1.9007010033741465
398 488 0.2527671194849752
342 365 -0.622312042040754
168 32 -0.6715850757268678
360 68 -1.4745572582449764
75 439 1.9727278615822113
183 483 0.3834528828668273
9 390 -0.9058991882900398
185 325 -0.13334798152383076
127 391 -1.853177788514933
323 101 0.0852510050011639
404 388 0.9849364948398933
449 103 -1.706193217700822
342 235 -0.19070371066646485
464 345 -1.5618918480547355
454 132 -1.7120781130224372
11 214 1.972166181060739
5 46 -0.6779227165590989
49 165 -0.208773919394865
455 15 -1.7000495566887075
55 87 -0.15558229428306491
484 92 -1.361746083599932
56 65 -0.6512463122727921
227 132 -1.8347640762726027
56 78 -1.5897722411755577
52 416 0.3065197678108298
472 30 0.8283073799177831
494 271 -1.5134682326935258
170 51 -0.3137901479811247
498 426 0.9455259933889208
37 296 0.9346913768858109
389 262 -0.6221986488703402
330 351 -0.7760199653326088
136 259 1.073528396139936
213 329 -0.546058626707417
449 318 -1.3465965298546654
75 51 -1.2810928594941817
455 232 -1.1988863650525015
468 75 1.2445273189110644
53 92 -1.6809286299336117
45 177 -1.8324273555191755
180 320 -1.7071592054474913
336 89 -1.2195776699935639
472 225 0.6152934974547724
0 343 0.4335409456000954
363 247 0.8806606149175584
448 217 -1.0367336563915543
160 59 0.25562889631971375
286 69 -0.9269715462124468
343 290 1.1246698372978474
97 370 -1.0385000945374938
146 199 -1.533908660002954
214 303 -1.9360285309647547
79 100 -1.6518678138038512
109 105 -1.5520005905989978
389 302 0.3394775971920585
455 405 -0.14906671077876066
244 283 0.19924626217141794
424 128 0.4417989105016953
254 13 -0.23428742230248423
73 185 1.0145667938616438
56 67 1.8640660599239607
242 232 1.1441470758431165
57 410 1.4194988163235127
495 92 1.1163412339403704
98 187 0.29586672104796863
389 495 -1.8389340923103545
290 160 0.437176031286334
466 266 0.3581923341798827
444 118 -1.3027044426610161
246 246 -0.4660985592391871
209 302 0.7628600565504886
121 42 -1.3519155899455249
482 44 -1.3136976860398537
148 118 1.9107371544528435
140 134 -1.022150524162197
342 343 1.1638163967805397
466 430 0.38911805916677666
92 365 -0.7179973061960476
231 2 -0.39244379267502394
174 329 -1.186302542507931
15 422 0.9025013994682358
326 486 -0.9789161951404135
47 265 -0.704321019591339
448 291 -1.1306854328638711
296 419 -0.9118171518529494
461 444 0.6796958751625652
403 160 -0.3269511674384922
492 347 0.6641213248280504
51 58 -1.335828338944646
252 431 1.3033608700239214
389 415 0.9693000901742841
108 379 0.45791461756431184
435 302 -1.6955998435521629
103 435 1.0165861355383718
348 335 0.7758259248547921
352 196 0.46933830376798547
202 251 -1.722269633738875
235 164 1.0374533854597958
473 35 -1.1047813892026928
5 257 1.4904645928548255
326 238 -0.46782854977755317
350 400 -1.1615404270124938
224 139 0.7311050012404481
307 183 -1.5080751856966965
150 204 -1.3948835391352188
319 134 -0.9707622685571731
281 210 -0.39118807520409415
284 196 1.5242850822757616
176 197 -0.7682996171319174
315 473 -1.7431524790119464
36 286 0.28291568512437903
231 237 1.9832378910693724
51 487 1.6299603741136792
158 453 -0.20364833578202113
191 441 0.8988961886491174
224 72 0.11171888835764365
215 6 -0.42300080296996256
325 2 -0.06928216005013477
28 352 1.186976217907377
376 58 -0.01670102888651881
76 106 0.03367676440823253
442 461 0.35391241602728574
82 81 -1.1685260436174252
319 468 0.08416692577081042
323 472 -1.2971809914536254
244 177 -0.6780859299418696
268 369 0.8135732694240398
463 125 1.316012029833865
237 281 0.7281878774906381
222 395 0.31475653627441824
167 226 -1.4974237782366178
459 307 1.4220406942316033
7 281 0.028029238342584417
248 262 1.7512672406848013
60 404 1.7141167033153728
167 258 0.19394183489616346
139 82 0.6643738444782126
487 329 -0.29911852707280717
356 78 1.724619436577187
149 256 -1.8009385535425282
19 233 1.0239442821311382
355 222 1.5740498859907244
205 352 0.8400412171846563
273 86 -1.7139796005011312
150 229 0.3521228976485453
439 280 1.2113586664778642
201 114 1.1166836352511358
338 30 0.7048075494310009
174 434 -1.1915939702384004
74 422 -1.8004019640801001
192 365 -1.921020571990724
460 399 -1.10551782347209
255 38 0.24371087350719023
279 7 1.0627890871030394
115 421 0.09041226224680887
112 229 0.14169707820223776
498 348 -0.8519352423390454
441 29 0.8356172580033907
411 452 0.8709619462333142
198 407 -0.8114758010024712
456 319 0.06642596251267285
369 308 -0.2950172886367026
342 300 1.8733679739272446
18 39 1.4828362325593045
210 394 -1.3713629218684025
367 412 -1.4424086562188587
451 62 -0.7723614388695039
455 493 -0.7779514683550426
258 216 -1.3406670635032438
186 75 0.7163585921460052
483 179 -0.908982468565068
394 357 1.4406524999974843
470 446 0.7734833391260398
447 116 0.2612089840727694
160 81 0.3516760911231036
422 355 -1.1765018685820854
6 425 -1.9255734433249216
166 437 -0.22016292431803963
422 91 1.1753126346804317
466 333 0.9751582808058541
32 75 1.3600399736164985
333 359 -1.882459897886315
491 401 0.04400244214145177
163 7 0.9072630231006653
269 221 -1.575617708151619
291 429 -1.6493894522859955
230 132 1.0638891417003835
134 85 1.162199601940607
213 465 -1.5180906050384229
244 238 0.9178802399558461
320 399 -1.0133684591137535
381 366 0.583671627208679
335 20 1.7067256588858983
353 403 -0.5941876613919597
271 81 1.229346496533327
305 485 -1.4231490549287589
497 16 0.39884002154655196
473 38 1.528582344988623
73 210 1.833341674444604
452 410 1.9459965532243286
142 315 0.24689704181968697
269 291 0.598774212765671
488 423 -1.2948019920000302
139 374 -1.5065306251777
360 371 0.5624108091373841
349 97 -1.3104263407793248
444 53 -0.6006775266651285
68 307 1.6491017818400433
361 113 0.7830032392027682
491 194 0.9668829612324332
318 368 -1.6338824776845744
331 6 1.0448131988862968
245 492 1.0451865220407148
191 326 -0.6890688092988926
27 476 0.03088355359671402
354 184 -1.960539437457884
352 97 -1.8670798884682012
114 336 0.12654152823059794
361 497 0.5363950099261983
98 206 -0.3644328508315189
230 151 -0.6096008386436758
133 490 0.2959113544197609
481 243 -1.060472549787995
440 136 -1.9323655461222797
3 197 -0.6647051544499707
106 433 0.1762493622290182
122 253 1.8320962156428333
411 243 0.7868687294532553
360 331 1.5477603469190102
425 283 1.9162417518771329
115 28 -1.0996150420904627
482 240 1.6647279638401473
284 285 -0.8136487493322964
17 449 -0.5278864467584143
497 249 -0.9224015540716519
291 296 0.8742635840336126
84 204 1.6950805498978583
35 322 -1.6484154757482665
363 352 -1.734682756244792
429 366 -1.1072395876037695
447 85 1.574921735132016
66 493 -1.8458410743945932
299 74 -1.2328730043334621
415 347 1.7090198869386946
417 387 -0.8692664595609938
242 153 -1.8702317361059322
398 455 -1.213169452839169
174 2 -1.9038244220100586
80 76 1.0999676593575858
293 417 -1.4078237358885715
369 297 -1.272409266528391
139 450 1.5201314840920106
363 52 1.0962355012674663
369 462 -1.898964344853872
341 203 1.1537278582631703
187 434 -1.8814099615311588
485 193 -1.9675951568289607
450 439 0.7027130817253364
61 46 -0.37633452979900905
472 434 -0.0394651818666194
432 408 1.9075147506773802
344 172 0.16133205174614274
179 246 -0.841959906014877
217 102 -0.5282195509471408
299 102 -1.4285209943051949
380 242 1.0614885080846488
74 466 -0.6114096866101568
198 55 -1.597568069777806
1 113 1.6514296700714253
484 353 0.5712656482211558
232 347 0.3794949429381087
422 227 1.8685447264310548
428 98 1.609760864137633
51 217 0.930151032790425
455 343 1.6975646042475745
266 149 -1.0306520759338977
347 245 -1.5924197878578004
13 82 -1.836576860339834
400 102 -0.8347474718252559
306 127 0.6097454490812777
172 128 -1.7189576091927923
470 252 -1.8668063899098892
360 163 0.18166502672510987
17 154 -0.8390458705437469
9 250 1.7478061095356736
86 193 -1.4198041209541223
34 211 -1.1230043052537417
293 254 0.17462722372683093
217 357 -1.0010831336457016
164 348 -0.5288769357399081
367 423 -0.19417008796334256
36 267 0.4636783246846945
358 165 0.5067213929213588
252 88 -1.0410524863372186
151 388 -0.9030477007677078
351 325 1.2281551187691773
78 484 1.017702603407062
265 150 -0.6326229018223986
104 235 1.2846589362611653
49 237 -1.132203923618536
21 67 -1.55892646885267
0 184 -0.39579160002113456
185 337 -1.2953738397166905
414 93 -1.1459514998156943
478 344 -0.8341979480530899
339 342 0.5437111863338013
146 459 -1.7119399409894234
37 118 1.2318666898407358
12 89 -1.4598379692743584
136 139 -0.26877774494071627
224 45 -0.7828052603425562
102 14 -0.11537253482721344
300 291 1.0745109866575442
299 175 1.3455284791080104
422 446 1.9385324262071086
379 10 -1.1056841613620931
135 299 -1.5266486637450183
486 317 1.4422732917479566
62 21 -0.35869878665555044
25 105 0.6982280506897367
470 438 -1.8965084371789325
385 63 1.7657365115201284
141 59 -1.103146951570293
138 217 1.050406628599092
256 438 -0.6761002144734141
62 10 -0.3139958272174752
434 491 1.2346355203834976
48 483 0.003269473628217945
123 104 -1.5512817907887309
61 43 -1.541308393653098
368 456 1.3606116090021154
211 145 -0.7549818445040315
101 406 1.646346163435525
66 285 -0.17713403103349767
348 171 1.478923065107558
218 175 -0.6670713575437706
167 282 -0.5590864497603052
373 172 -1.629504212284841
121 198 -0.5494480076764208
64 463 1.5495937853204218
250 236 -0.4557921205624935
390 258 -0.48947847971969916
176 287 -1.0449226203126796
14 111 0.20594430067785785
277 409 1.7152852434495593
28 121 1.0180752212625257
416 59 0.3044640905778926
482 226 -0.18168448488725142
128 197 1.4927295134963239
382 450 1.6018342029600463
108 236 0.6359245952611245
359 7 -1.6443433021262241
229 475 -0.7070648800954542
280 278 1.2412835525806418
493 400 -1.5657248560155073
7 467 -0.9876330580719785
179 403 1.7923287804012773
210 337 0.2470290520829681
139 479 1.5146998949025292
114 219 0.9462299297093466
200 51 -1.7719054107304317
402 145 -1.677861334329227
137 203 0.10489094171008295
194 293 1.2096846271471664
119 240 -0.11165054186178702
305 489 1.1543917260687038
468 405 -0.14832411529689615
360 358 0.3788486421979198
31 134 -1.3118871315370488
225 425 -1.9663100912534266
360 226 1.0798540212592993
62 122 -1.9873243984269102
62 463 -0.20934652569923617
105 6 -0.38188465167450447
420 141 1.9920840092226917
163 468 -0.8262603895899727
125 201 -1.2919631472488415
230 262 -0.12975557128172266
177 464 -0.028527247694955626
226 96 1.9726316561840238
269 135 -1.0402688675585345
366 146 -0.8225368632026155
90 160 -0.5547251850952932
370 363 1.925796674524706
202 346 0.9317777689948192
112 73 -0.3406046791847941
440 267 1.9362429319725778
247 230 0.8697559601313412
204 157 0.7036326739742216
395 24 1.3016315671629637
62 194 -1.7418707791088863
332 314 -1.3872520441260794
170 60 -1.94586608560444
8 339 -1.518572283612727
172 170 -1.2469536723003856
376 447 -0.11095740981496949
55 444 -0.425487662695339
360 439 -0.9195230492395883
396 223 -1.9146251495965445
387 306 1.1461909836634416
233 29 1.693191759878244
375 81 1.2897018941690233
380 364 -0.6446699838438708
492 113 -0.3743645765085106
145 224 -1.059943947464642
318 231 -0.19949610426374598
281 498 1.0423666446288298
396 80 -1.7169869630328671
456 81 0.2619426638258102
294 190 0.8574286711619821
396 308 -0.7449695464091666
34 312 -0.6315961677502768
208 173 0.4342256750487543
161 84 1.6396410488942985
450 396 -1.0557115515099356
86 32 -0.3093021228641688
75 208 -1.3135076377722132
84 181 -1.2155312747953255
140 138 -0.46009010292951924
114 162 0.49719018859170827
187 308 0.3997501369594212
5 411 -1.0661559503961757
391 404 -1.3736262173663345
359 86 1.7069996253796056
234 107 0.6940709569780483
66 105 -1.4253628071894124
235 130 1.4074481087253519
476 164 1.3313073592274063
136 481 -1.4138756376812465
419 229 -0.3545217432535961
221 195 -0.02596716419907974
255 310 -1.2353061002318624
283 165 -0.04253176041530837
247 359 0.7464743348970182
166 5 -0.3562034619464671
158 470 -0.26234270130372295
45 134 1.7550803693793418
150 251 1.2926173782252022
108 26 1.3114818106281816
220 258 0.6008198415634842
97 406 1.9540316266517799
33 288 1.3343269549888417
338 366 -1.0837302594157667
250 310 0.4522699541956672
384 182 -0.8324853985380076
282 12 -0.6788802868403594
341 410 -0.3970577884488189
302 430 -0.29204733458047416
452 459 -1.9070463964754247
92 85 0.963821030220243
30 496 -1.4330078758144702
232 212 -1.6222052984577742
455 138 1.7815098546394132
496 332 -1.9021131703432719
276 490 1.113419154254434
448 376 0.8827883988160825
267 321 -0.10076656850463905
277 102 0.9731686720717461
381 272 -1.2351760369673914
443 120 -0.37272893994626566
147 296 0.6078006970068537
478 418 -1.5950031909670344
222 315 0.7329794922039685
34 398 -0.4055234911045713
422 498 -0.9687948968935078
230 300 -1.972583810979561
426 74 -1.4014863934167816
70 271 0.673923703601794
107 275 -0.49007003450089925
8 481 1.6482076741156426
95 347 -1.7051737784790602
236 28 1.2006090246424934
333 386 0.39608350462598896
167 222 -1.9055123732022312
306 190 -0.6907661777388996
182 79 -1.5921064853791713
403 425 1.0005233598081062
328 104 -0.7126101393231203
312 408 1.8719373489773496
105 110 1.2101005111927967
444 121 1.292792793338525
429 55 -0.34585207369831306
232 149 -1.9434849950263304
221 491 -0.6932845861352548
338 223 -0.6565477978643157
320 98 -0.39406535362909967
334 407 0.6614714304369422
351 202 1.3632802631435958
240 406 -1.6843914544254024
19 8 -1.7882386886101718
484 92 -1.3885247657263178
251 185 -1.1978761296228169
101 386 -1.4156472665745201
433 316 0.7774272373053672
244 90 -1.1126672199765433
147 231 0.93047413198346
64 487 -1.0172270935303085
370 33 1.7846916367258214
339 167 0.3709508085102957
184 208 -0.687237329619196
265 126 -1.5629524687149776
426 496 -1.9578074745160556
54 177 0.22783999384828224
390 413 1.4342698178825635
187 271 -0.22329475100471807
42 271 1.287581019814513
195 325 1.6935491573201813
95 95 -1.47023527187081
299 398 0.9079317099547319
23 134 -0.1628145120463298
423 3 -0.19800961836105202
467 303 0.8732185211836994
404 468 -1.6412191310077167
163 443 -0.4879053180333801
460 288 -1.428204530500076
218 275 -1.6692279352021764
212 454 0.6824646458014039
140 220 1.4571943648960408
1 282 1.2355651528155205
491 457 -0.9723887742074324
201 28 1.7208164032102613
243 478 -0.9117134609824569
470 203 -0.5759985870185735
426 366 -1.9594622082605864
475 61 1.1299139746917302
219 363 0.40145112472274436
350 121 -1.1074671363454494
301 242 0.2847886094093859
6 313 0.8283773138893995
84 200 -0.059685284734392496
492 451 -0.11310814171359773
479 371 0.47732741188119254
67 155 0.6626149069765161
69 170 1.9228264271492623
294 10 1.920472506978073
166 294 0.8549167829431146
214 487 -0.1903884645047631
142 162 -0.2857396772845848
436 10 0.6297139199436232
41 227 -0.6979694166764192
248 298 1.717323669981861
284 29 0.4115872625821533
271 230 1.1064651389912967
384 253 -0.12129268377272151
466 113 1.959096816455617
2 377 -1.0174200731932697
398 136 -1.3342695439659389
88 6 -0.4530784724588113
219 387 0.6231396058991119
0.6997476794084925
1.3895994144219879
-0.09398619952157494
-0.6032925215879925
-1.7623468440428
1.9976865214787578
1.9328931223916657
-0.9494498819724151
-1.6469502109594316
1.9948232654883027
0.8602333926351622
1.4201924695495194
-0.20420890685038007
1.2597703180643651
1.8131310912047276
-0.5919326888183778
1.1850712406188055
-1.882230384871448
-1.7161854496050606
-1.2018903775531915
-0.44510126931914185
-0.8183686064543916
-1.700560039508864
0.2653518836319466
1.5002304168686216
0.4372538282277101
-0.8122281866340568
-0.050357604163258074
-0.5812868413556185
1.1841677711644283
1.2969084402437305
-0.33390524722674453
1.309774558259091
-1.2276329771614396
1.8510990229838837
1.8919895955003794
-0.5950709998813051
-0.8765439023563522
0.05190814414532374
-0.9177158083493682
-1.1437069179480033
0.6961970266986608
-1.2603559126350503
0.4047453161786865
-1.2884303829541328
-1.4336484194613646
-0.841187020616617
0.9012497752468138
-0.47135673725342553
-0.9203993080511856
-0.06043243957021316
0.5471521458752013
-0.9936818097458797
0.6132239992188517
1.6829832304397465
-1.1683277071673097
1.4837287883892532
-1.6997822276001586
1.2481465002679695
0.306325612642794
-0.8418933047809976
-1.9920204692148893
1.5821970268850163
-1.4978307947104086
-1.2250236394050775
0.10224552544888432
0.40032015788770536
0.2371013697194173
-0.011644298697381927
-0.12468788298341726
1.1271111494223502
1.559827017531977
0.2531944147459644
0.4264566350394934
1.9254692288103508
-0.12675421742844462
0.7231301840831152
0.2887738749631703
-0.6206821729061756
1.6176576948188108
0.5206127289520635
-0.3978344248217631
0.1824010579477502
1.7390588552552688
1.9976042847864814
0.914850012931967
-0.016739912265689938
1.4542166995817203
0.6388012135867509
-1.83799481284216
0.37970839967788583
1.9719646823959769
0.9402193077915753
-0.27053437598248387
-0.1988848997462691
0.12723782119887295
-1.3918769903774244
0.008390727742977333
-0.8712954074026702
0.029317224302758405
-0.19900474671027357
-1.50770800151377
-1.7871798383678574
-0.8216162161535538
1.9231119123837446
-1.9928590086621973
-1.5357251032783843
0.744503663241864
0.05649664923237596
-1.6019881625828152
-0.2539120391534695
-0.14669059926664874
1.092252164241593
-0.6618966849238581
0.17442931603520417
-1.6343463023232387
-0.12423668286269862
1.6312148252726772
-0.8075521546727322
-1.5506015099134025
1.0269955465164213
-1.8211633147866109
1.5392827678143561
-1.2117048772197183
-1.397150727643175
1.048139479047379
-0.4062588362384818
0.44161315203969087
-1.96428784839553
-1.6659725897381277
-1.344504799558412
-0.6729424050880284
-1.2614353341884583
-1.3982792845873409
-0.4053725087258049
0.6290313853789442
-0.7012387542633607
1.8812627700323512
-1.4210176369820853
0.067810036304635
1.4124665392527964
-0.7800995115297042
-0.7910894648335489
-1.4515111803918046
1.1415737964520187
-0.07887622919159165
0.8610907142365596
0.39087576741102437
-1.6756747422481086
0.687340030817646
1.8047462986630554
0.7677610073157659
-1.98530776897436
-1.889504735911109
-1.6996414811677973
-0.7199544251893162
-1.8147161900991753
-1.486646864874984
1.3291166826622298
0.6844169227614438
0.6004361862023635
-0.8911577846572207
1.2685095153323345
1.8146550751305304
0.8448216630531142
-0.6106685011509629
-0.41453946042175804
-1.6151423089733283
-1.5617401650342115
0.9239909811308409
0.9757952591118841
1.606071906165297
-1.277816470258414
-0.8353311432945012
0.12339514733890766
0.02184437367077008
-1.2724544142330947
-0.8343236039642878
0.9414622251337468
-0.7311087600476118
-0.08316554028374057
0.7145949805014742
-0.8868855541453402
1.8222960790253708
1.898823870741333
-0.7014053899656556
1.5097240677774884
0.8067643770161919
-1.9722670363698405
0.4486294811645326
-1.1340214559345139
0.21339194302500797
-1.7386726592853354
1.5540734469792277
1.5915523554853723
-1.9695030222369696
1.6372743181688865
-0.32709997972041505
1.1264269268843683
-0.38237088967921906
-1.6964174568078345
-0.12091981330960477
-1.19143422171895
1.175708118097008
-0.40908750863861565
-0.2193830281259026
-0.3959791359760243
0.6140496589295945
0.7185330341470295
-0.0291716752983624
1.0649890504409036
-0.34419511143016956
-1.8242530663625662
1.3449678916466898
-0.1703855048385532
-0.7425283746629732
-1.3622729757117313
0.06979568730262686
-0.9285716570468976
-0.16337640261702102
1.4047660686685481
1.9747002709476638
0.15188579424945514
-0.6171050469379544
1.2121029083693773
-1.8432432188841084
-1.1846103605115408
0.8280365513524703
0.46568280740315915
0.9973240081911801
1.3889238317788708
1.9946127863608036
0.3933344581454583
0.6982693177373012
0.14311775890233358
1.4429261338971031
0.3152712615302695
1.7969780702373952
0.8575025857405256
-1.1844007822158131
0.7911341004032355
-0.7878268463346023
1.1171326379879574
-0.8949334966092413
0.8088513078934048
-1.7458229556156386
-1.9721370958025588
-0.11976396209455054
-0.7179583088486958
0.9805429374886598
0.43260414029613026
0.8467824613945871
1.8936242111048118
-1.1198072507628676
-0.3197430604259255
-1.3369222333770376
1.2792405776189177
1.6664248565218243
1.0776510569062734
1.2351726259995934
-1.9527882667604737
0.9121488341349071
1.9800208780343609
1.8288328425227132
-1.1259395647933856
1.071185570911776
-1.5402522966570245
-1.334858157467821
-1.7592318099629805
-1.2291358939438908
-1.58392040160903
-1.9349204721431876
-1.948357630967072
1.0295020655025864
0.23465144545896433
-0.7762376259203418
0.6237908850244636
-1.6091903547195985
-0.32175528564687017
-0.8566915678125895
1.546788101658899
1.2445559350602737
-0.014516659700493317
1.7905265607451533
1.6222317186395503
-0.8507072264411097
-1.8472354372509
1.6281185869519361
0.5296300122170696
-0.8424733761317937
-1.210632392897344
-0.36502762505677433
1.2554255179911515
1.8414611884216487
-1.2385642956760003
1.1976056321353123
-0.9901403624857035
1.9592762855744459
1.0774536122919351
-0.6504446638964634
1.9699866404921353
-1.8945763480617135
1.1090456797696437
0.9060667400978888
-1.0684022142778198
1.006615559446613
-0.895720271439965
1.3378443271253584
-1.128192195961049
-0.49558091736755605
0.4296248699577787
1.6457200609199178
1.0740273423591526
1.655845871005754
-1.7576008961284773
-1.2726582575361443
1.6999243942016085
1.5996442400035384
-0.30739516990234783
0.7429078208864972
1.3035680734557
-1.059306630485037
0.6861909433515501
-1.7096261171367293
0.44369921146564995
1.2404324805653082
0.1846091612873968
-0.527431130376979
-1.290401060273517
-1.4861218225253552
1.3509638240637032
-0.9924689021321051
1.1755423854648925
0.6507126819712665
-1.0321266906227424
-0.591685811712658
0.41899907894285526
0.5101579228090887
-1.7509421552839268
0.27358789305318565
-0.7295660453262989
1.8649328225984418
1.0148132502585967
-0.5354620899767748
-0.8915499332930668
-1.8701575200544376
1.5533906733103633
1.9550411036796809
1.4318302849970497
0.8835846219446255
-0.9950833246257584
1.3001888589376462
0.9225411991996197
1.7836545445253829
-0.5599381887779677
-0.7304011143365252
1.3401188655740754
0.293445531511491
1.3078906829633592
0.4993406635244093
1.3434523804916605
-0.3300794704665231
0.367815351815481
-0.04235399873860235
0.8028795223112586
-0.34254693048372387
0.6200517718722778
-1.9139170271055308
-1.3211161784682481
-0.8595881128434519
-1.1938029839857993
-0.42219674203503965
-1.6753653980192462
-1.1815440913183881
-0.46682489284084827
-1.6246682130249246
-1.5326290681216341
-1.8609808425744432
1.6320855870177193
1.3917854959951272
-1.5993830246909102
-0.5459206028030592
-1.4083959492281712
-1.218768112577052
1.5540949905485606
1.995762300400644
-0.9847611922388415
1.8942264283921526
-0.5650960714260069
0.5327330491765769
1.3437723239293131
1.8318249628631298
0.45692133835340876
1.346367254225326
1.786210518500213
1.6891911137515008
-0.10230382384913517
0.9525489129985965
1.0788643133788756
0.505013285632232
-0.6356067548425335
1.4233100844808053
1.9491006608302306
-1.3050628664089428
-1.8072875656051974
1.82209455857741
-1.824647614412724
0.8052012474866825
-1.731616238026906
-0.38315393989624447
-0.264407483211186
-1.7772681413064992
-0.928369949852053
-1.7698317458300847
0.3083990103020202
1.3681809534895293
1.544171486916659
0.7281873726136343
-0.895766178279755
-1.7111647981324873
-0.6484625656314629
-1.4525695469689115
-0.4299600358873277
-0.5118748661318073
-0.14926852151286019
1.1306758608882372
-1.982168733147113
-0.9934759058986349
1.2168983163633578
1.1029411364964528
1.5836887726077005
-1.263027569055744
-1.5297026423088687
1.2267400251931329
1.228230292754522
0.22431050430933874
-0.5166947363767131
-0.9898083323646079
0.5775103837242219
1.638268500592277
-1.8229856700234968
-1.6571225050142577
1.3880537711090417
1.6478769275372125
0.4013125724486497
-1.0443425070750685
0.8890998579101419
-1.827064894411436
-1.6734434434020549
0.6306178898505017
1.750544637368444
-1.109243258006377
-0.5398574923983324
0.7942123141924471
-1.6100069286348724
-1.8973884331161925
0.7527091559670898
-1.2700033583557122
-1.8995933240807616
-1.4521496291211489
-0.8496054835129474
1.000004671602571
-0.29029234139050075
1.275992323928477
-0.03188647533888611
-1.2635698778797821
1.4008068399113736
-1.5162522559416156
0.04200361376308104
1.8093572938348599
-1.7919247728857735
-1.3166212635411667
-0.5727179988874682
-0.20698284275049605
0.660596259907519
0.549243303848955
-1.8354188567166925
0.31316122744578356
1.7259875944476022
-1.3989666267160321
-0.5243492383058381
-1.0387436231201659
-1.15046849667598
-1.3400009218714066
-0.47339948787939523
1.8474761736912826
-1.945333427766338
-1.593537489359886
0.020370354439262606
1.4911742576552975
-0.6292615566681521
0.43338238958507924
0.2808830335373633
-0.4187200035369858
0.28539662353081185
-1.3731288724857436
1.6419225364418604
0.40531564554170396
1.7748762049100293
0.6046617165399173
